{
  "version": 1,
  "updated_at": "2026-02-20T14:47:45.486792+00:00",
  "events": 59,
  "pos_probs": [
    [
      0.09258259676787867,
      0.08451357021478631,
      0.08508973342758915,
      0.17169275730282513,
      0.08448178639581937,
      0.08547725278217735,
      0.08921243018725444,
      0.08451648347404729,
      0.10133298051094257,
      0.12110040893667967
    ],
    [
      0.08664381952917359,
      0.19618199959790455,
      0.08565898660994041,
      0.0876701503389196,
      0.10299010832556482,
      0.09393999189766059,
      0.08565728988480939,
      0.08562499425812699,
      0.08591856181000089,
      0.08971409774789897
    ],
    [
      0.09306134978735466,
      0.17176016320153786,
      0.08487398246859025,
      0.0846141325027674,
      0.1014041299442551,
      0.08463874260378701,
      0.12117561181748807,
      0.08930757671048672,
      0.08458215548186637,
      0.08458215548186637
    ],
    [
      0.10178613082863212,
      0.08482963460869489,
      0.08480570769423587,
      0.08480582499161196,
      0.08595653950123813,
      0.1767642023490243,
      0.12241376122690356,
      0.08506432815794647,
      0.08880101524490837,
      0.08477285539680428
    ]
  ],
  "pair_probs": [
    [
      [
        0.0995469293476583,
        0.0995469293476583,
        0.0995469293476583,
        0.0995469293476583,
        0.0995469293476583,
        0.10407763587107534,
        0.0995469293476583,
        0.0995469293476583,
        0.0995469293476583,
        0.0995469293476583
      ],
      [
        0.09999951789105012,
        0.09999951789105012,
        0.09999951789105012,
        0.09999951789105012,
        0.09999951789105012,
        0.09999951789105012,
        0.100004338980549,
        0.09999951789105012,
        0.09999951789105012,
        0.09999951789105012
      ],
      [
        0.09997456208173215,
        0.09997456208173215,
        0.09997456208173215,
        0.09997456208173215,
        0.10013703127900986,
        0.09997456208173215,
        0.09997456208173215,
        0.09997456208173215,
        0.10006647206713294,
        0.09997456208173215
      ],
      [
        0.09352991488389326,
        0.1582307660449606,
        0.09352991488389326,
        0.09352991488389326,
        0.09352991488389326,
        0.09352991488389326,
        0.09352991488389326,
        0.09352991488389326,
        0.09352991488389326,
        0.09352991488389326
      ],
      [
        0.10000000000000002,
        0.10000000000000002,
        0.10000000000000002,
        0.10000000000000002,
        0.10000000000000002,
        0.10000000000000002,
        0.10000000000000002,
        0.10000000000000002,
        0.10000000000000002,
        0.10000000000000002
      ],
      [
        0.10032418424196578,
        0.09996397952867049,
        0.09996397952867049,
        0.09996397952867049,
        0.09996397952867049,
        0.09996397952867049,
        0.09996397952867049,
        0.09996397952867049,
        0.09996397952867049,
        0.09996397952867049
      ],
      [
        0.09970325418457915,
        0.09970325418457915,
        0.09970325418457915,
        0.10064541168116616,
        0.09970325418457915,
        0.09971765923043673,
        0.09970325418457915,
        0.09970325418457915,
        0.09970325418457915,
        0.10171414979634315
      ],
      [
        0.10000000000000002,
        0.10000000000000002,
        0.10000000000000002,
        0.10000000000000002,
        0.10000000000000002,
        0.10000000000000002,
        0.10000000000000002,
        0.10000000000000002,
        0.10000000000000002,
        0.10000000000000002
      ],
      [
        0.09893304438681715,
        0.09893304438681715,
        0.09893304438681715,
        0.09893304438681715,
        0.10960260051864575,
        0.09893304438681715,
        0.09893304438681715,
        0.09893304438681715,
        0.09893304438681715,
        0.09893304438681715
      ],
      [
        0.09743364677793669,
        0.12309717899856983,
        0.09743364677793669,
        0.09743364677793669,
        0.09743364677793669,
        0.09743364677793669,
        0.09743364677793669,
        0.09743364677793669,
        0.09743364677793669,
        0.09743364677793669
      ]
    ],
    [
      [
        0.10032418424196578,
        0.09996397952867049,
        0.09996397952867049,
        0.09996397952867049,
        0.09996397952867049,
        0.09996397952867049,
        0.09996397952867049,
        0.09996397952867049,
        0.09996397952867049,
        0.09996397952867049
      ],
      [
        0.09061230403369547,
        0.15667110166395729,
        0.09061230403369547,
        0.09061230403369547,
        0.09061230403369547,
        0.09061230403369547,
        0.11843046606647895,
        0.09061230403369547,
        0.09061230403369547,
        0.09061230403369547
      ],
      [
        0.10000000000000002,
        0.10000000000000002,
        0.10000000000000002,
        0.10000000000000002,
        0.10000000000000002,
        0.10000000000000002,
        0.10000000000000002,
        0.10000000000000002,
        0.10000000000000002,
        0.10000000000000002
      ],
      [
        0.09991643933652247,
        0.09991643933652247,
        0.09991643933652247,
        0.09991643933652247,
        0.09991643933652247,
        0.09991643933652247,
        0.09991643933652247,
        0.10075204597129765,
        0.09991643933652247,
        0.09991643933652247
      ],
      [
        0.09909181563474057,
        0.09891433549882178,
        0.09891433549882178,
        0.09891433549882178,
        0.10959350037468533,
        0.09891433549882178,
        0.09891433549882178,
        0.09891433549882178,
        0.09891433549882178,
        0.09891433549882178
      ],
      [
        0.1040770180505516,
        0.09954561930874109,
        0.09954561930874109,
        0.09954561930874109,
        0.09954561930874109,
        0.09955802747951965,
        0.09954561930874109,
        0.09954561930874109,
        0.09954561930874109,
        0.09954561930874109
      ],
      [
        0.09999951789105012,
        0.09999951789105012,
        0.09999951789105012,
        0.10000433898054899,
        0.09999951789105012,
        0.09999951789105012,
        0.09999951789105012,
        0.09999951789105012,
        0.09999951789105012,
        0.09999951789105012
      ],
      [
        0.10000000000000002,
        0.10000000000000002,
        0.10000000000000002,
        0.10000000000000002,
        0.10000000000000002,
        0.10000000000000002,
        0.10000000000000002,
        0.10000000000000002,
        0.10000000000000002,
        0.10000000000000002
      ],
      [
        0.09999182143896168,
        0.09999182143896168,
        0.10007360704934483,
        0.09999182143896168,
        0.09999182143896168,
        0.09999182143896168,
        0.09999182143896168,
        0.09999182143896168,
        0.09999182143896168,
        0.09999182143896168
      ],
      [
        0.09980581740198713,
        0.09980581740198713,
        0.09980581740198713,
        0.09980581740198713,
        0.09980581740198713,
        0.09980581740198713,
        0.09980581740198713,
        0.10174764338211591,
        0.09980581740198713,
        0.09980581740198713
      ]
    ],
    [
      [
        0.09949179376441579,
        0.09949179376441579,
        0.09949179376441579,
        0.09949179376441579,
        0.10001234539235981,
        0.1040533044923138,
        0.09949179376441579,
        0.09949179376441579,
        0.09949179376441579,
        0.09949179376441579
      ],
      [
        0.09352991488389327,
        0.09352991488389327,
        0.09352991488389327,
        0.09352991488389327,
        0.09352991488389327,
        0.1582307660449606,
        0.09352991488389327,
        0.09352991488389327,
        0.09352991488389327,
        0.09352991488389327
      ],
      [
        0.09999182143896168,
        0.09999182143896168,
        0.09999182143896168,
        0.09999182143896168,
        0.09999182143896168,
        0.09999182143896168,
        0.09999182143896168,
        0.10007360704934486,
        0.09999182143896168,
        0.09999182143896168
      ],
      [
        0.09999951789105012,
        0.09999951789105012,
        0.10000433898054899,
        0.09999951789105012,
        0.09999951789105012,
        0.09999951789105012,
        0.09999951789105012,
        0.09999951789105012,
        0.09999951789105012,
        0.09999951789105012
      ],
      [
        0.10960260051864575,
        0.09893304438681713,
        0.09893304438681713,
        0.09893304438681713,
        0.09893304438681713,
        0.09893304438681713,
        0.09893304438681713,
        0.09893304438681713,
        0.09893304438681713,
        0.09893304438681713
      ],
      [
        0.09999891908945507,
        0.10000972819490433,
        0.09999891908945507,
        0.09999891908945507,
        0.09999891908945507,
        0.09999891908945507,
        0.09999891908945507,
        0.09999891908945507,
        0.09999891908945507,
        0.09999891908945507
      ],
      [
        0.09743364677793669,
        0.09743364677793669,
        0.09743364677793669,
        0.09743364677793669,
        0.09743364677793669,
        0.09743364677793669,
        0.12309717899856985,
        0.09743364677793669,
        0.09743364677793669,
        0.09743364677793669
      ],
      [
        0.0997048665933445,
        0.0997048665933445,
        0.0997048665933445,
        0.0997048665933445,
        0.0997048665933445,
        0.0997048665933445,
        0.1006461690252475,
        0.0997048665933445,
        0.10171489822799654,
        0.0997048665933445
      ],
      [
        0.10000000000000002,
        0.10000000000000002,
        0.10000000000000002,
        0.10000000000000002,
        0.10000000000000002,
        0.10000000000000002,
        0.10000000000000002,
        0.10000000000000002,
        0.10000000000000002,
        0.10000000000000002
      ],
      [
        0.10000000000000002,
        0.10000000000000002,
        0.10000000000000002,
        0.10000000000000002,
        0.10000000000000002,
        0.10000000000000002,
        0.10000000000000002,
        0.10000000000000002,
        0.10000000000000002,
        0.10000000000000002
      ]
    ]
  ],
  "metadata": {
    "calibration_temperature": 1.2,
    "recent_metrics": [
      {
        "ts": "2026-01-08T16:28:12.826978+00:00",
        "actual": "1632",
        "top_hit": false,
        "pos_entropy": [
          0.974067008873855,
          0.9759983200238673,
          0.9760561753263929,
          0.9762188609038515
        ],
        "pair_entropy": [
          0.9999999999956568,
          0.9999999999956568,
          0.999999999995657
        ],
        "best_number": "1632"
      },
      {
        "ts": "2026-01-09T15:27:06.751664+00:00",
        "actual": "6551",
        "top_hit": false,
        "pos_entropy": [
          0.988586673888248,
          0.987885273905904,
          0.9891185463409471,
          0.9891834469521609
        ],
        "pair_entropy": [
          0.9999999999956568,
          0.9999999999956568,
          0.9999999999956568
        ],
        "best_number": "6551"
      },
      {
        "ts": "2026-01-12T15:13:03.279137+00:00",
        "actual": "2827",
        "top_hit": false,
        "pos_entropy": [
          0.9890333557433417,
          0.9914185586896114,
          0.9911226698323787,
          0.9917638357769166
        ],
        "pair_entropy": [
          0.9999999999956568,
          0.9999999999956568,
          0.9999999999956568
        ],
        "best_number": "2827"
      },
      {
        "ts": "2026-01-12T15:23:00.834197+00:00",
        "actual": "2827",
        "top_hit": false,
        "pos_entropy": [
          0.9821897883482449,
          0.9831943029203012,
          0.9830370520856159,
          0.9832950204091401
        ],
        "pair_entropy": [
          0.9999999999956568,
          0.9999999999956568,
          0.9999999999956568
        ],
        "best_number": "2827"
      },
      {
        "ts": "2026-01-15T00:00:02.016219+00:00",
        "actual": "2404",
        "top_hit": false,
        "pos_entropy": [
          0.9797156634323234,
          0.9861555053096265,
          0.9853699923816581,
          0.9861982350423645
        ],
        "pair_entropy": [
          0.9999999999956568,
          0.9999999999956568,
          0.999999999995657
        ],
        "best_number": "2404"
      },
      {
        "ts": "2026-02-12T14:49:03.771245+00:00",
        "actual": "5004",
        "top_hit": false,
        "pos_entropy": [
          0.9853342452669769,
          0.9867103364094603,
          0.9809515190905501,
          0.9812345746151342
        ],
        "pair_entropy": [
          0.9999999999956568,
          0.9999999999956568,
          0.9999999999956568
        ],
        "best_number": "5004"
      },
      {
        "ts": "2026-02-13T14:48:09.483801+00:00",
        "actual": "6376",
        "top_hit": false,
        "pos_entropy": [
          0.9860854477136348,
          0.9866767283325354,
          0.9856177919829928,
          0.9856405587657519
        ],
        "pair_entropy": [
          0.9999999999956568,
          0.9999999999956568,
          0.999999999995657
        ],
        "best_number": "6376"
      },
      {
        "ts": "2026-02-16T14:48:09.805458+00:00",
        "actual": "6978",
        "top_hit": false,
        "pos_entropy": [
          0.9811545397673137,
          0.9868772763000901,
          0.9810733599427496,
          0.9865521399996379
        ],
        "pair_entropy": [
          0.9999999999956568,
          0.999999999995657,
          0.9999999999956568
        ],
        "best_number": "6978"
      },
      {
        "ts": "2026-02-17T14:48:39.682062+00:00",
        "actual": "0505",
        "top_hit": false,
        "pos_entropy": [
          0.9856630221817618,
          0.986842601733223,
          0.9838351608504776,
          0.9868056943294131
        ],
        "pair_entropy": [
          0.9999999999956568,
          0.9999999999956568,
          0.9999999999956568
        ],
        "best_number": "0505"
      },
      {
        "ts": "2026-02-18T14:48:40.698034+00:00",
        "actual": "8440",
        "top_hit": false,
        "pos_entropy": [
          0.9865483362728528,
          0.9865367511348959,
          0.9861107305805973,
          0.9868731450389407
        ],
        "pair_entropy": [
          0.9999999999956568,
          0.999999999995657,
          0.9999999999956568
        ],
        "best_number": "8440"
      },
      {
        "ts": "2026-02-19T14:48:46.699390+00:00",
        "actual": "9166",
        "top_hit": false,
        "pos_entropy": [
          0.986800609323371,
          0.98686134448653,
          0.9866484895433995,
          0.9861492041913885
        ],
        "pair_entropy": [
          0.9999999999956568,
          0.9999999999956568,
          0.999999999995657
        ],
        "best_number": "9166"
      },
      {
        "ts": "2026-02-20T14:47:45.486757+00:00",
        "actual": "3115",
        "top_hit": false,
        "pos_entropy": [
          0.9868940505294236,
          0.9814041161436883,
          0.986836970652086,
          0.9852240338964626
        ],
        "pair_entropy": [
          0.9999999999956568,
          0.9999999999956568,
          0.9999999999956568
        ],
        "best_number": "3115"
      }
    ],
    "pos_entropy": [
      0.9868940505294236,
      0.9814041161436883,
      0.986836970652086,
      0.9852240338964626
    ],
    "pair_entropy": [
      0.9999999999956568,
      0.9999999999956568,
      0.9999999999956568
    ],
    "top_boxes": [
      [
        "1136",
        0.0007115749284541925
      ],
      [
        "1135",
        0.0006734769459268177
      ],
      [
        "1356",
        0.0005675761543585949
      ],
      [
        "0135",
        0.0005101469531272698
      ],
      [
        "0113",
        0.0003980909844732802
      ],
      [
        "1113",
        0.0003980909844732802
      ],
      [
        "1123",
        0.0003980909844732802
      ],
      [
        "1133",
        0.0003980909844732802
      ],
      [
        "1134",
        0.0003980909844732802
      ],
      [
        "1137",
        0.0003980909844732802
      ],
      [
        "1138",
        0.0003980909844732802
      ],
      [
        "1139",
        0.0003980909844732802
      ],
      [
        "1366",
        0.00039605403719872133
      ],
      [
        "1159",
        0.00036955028196067124
      ],
      [
        "0136",
        0.0003134839439809123
      ]
    ],
    "top_numbers": [
      [
        "3115",
        0.0006734769459268177
      ],
      [
        "3110",
        0.0003980909844732802
      ],
      [
        "3111",
        0.0003980909844732802
      ],
      [
        "3112",
        0.0003980909844732802
      ],
      [
        "3113",
        0.0003980909844732802
      ],
      [
        "3114",
        0.0003980909844732802
      ],
      [
        "3116",
        0.0003980909844732802
      ],
      [
        "3117",
        0.0003980909844732802
      ],
      [
        "3118",
        0.0003980909844732802
      ],
      [
        "3119",
        0.0003980909844732802
      ]
    ]
  }
}