{
  "version": 1,
  "updated_at": "2026-02-26T14:48:48.862521+00:00",
  "events": 63,
  "pos_probs": [
    [
      0.08509923951165388,
      0.12134184092975775,
      0.09280473009651877,
      0.17414132614120897,
      0.08459645678740586,
      0.08466046145604537,
      0.08489494337180689,
      0.08459869874549848,
      0.08560067582511882,
      0.10226162713498517
    ],
    [
      0.1717969515608602,
      0.08932278941658478,
      0.08456953529360062,
      0.08469652957712034,
      0.09302086656466665,
      0.10159508601811251,
      0.08456942705718207,
      0.08456736651710893,
      0.08458607189055792,
      0.12127537610420606
    ],
    [
      0.1017398385177019,
      0.12295793404868832,
      0.08461140165880396,
      0.08459465522833735,
      0.08559416246432879,
      0.08459624319110048,
      0.08659902943681357,
      0.09287208039060026,
      0.08459259131270656,
      0.17184206375091876
    ],
    [
      0.08640404420904464,
      0.0853873274938598,
      0.08538577116850023,
      0.08538577879904115,
      0.08546019546248781,
      0.08961732451958312,
      0.09432569795714084,
      0.08540257280244608,
      0.1301157637319591,
      0.17251552385593708
    ]
  ],
  "pair_probs": [
    [
      [
        0.09998446098368845,
        0.09998446098368845,
        0.09998446098368845,
        0.09998446098368845,
        0.09998446098368845,
        0.10013985114680399,
        0.09998446098368845,
        0.09998446098368845,
        0.09998446098368845,
        0.09998446098368845
      ],
      [
        0.09743362693198075,
        0.09743362693198075,
        0.09743362693198075,
        0.09743362693198075,
        0.09743362693198075,
        0.09743362693198075,
        0.09743381618633777,
        0.09743362693198075,
        0.09743362693198075,
        0.12309716835781617
      ],
      [
        0.09954621986365719,
        0.09954621986365719,
        0.09954621986365719,
        0.09954621986365719,
        0.10408035881708522,
        0.09954621986365719,
        0.09954621986365719,
        0.09954621986365719,
        0.099549882273657,
        0.09954621986365719
      ],
      [
        0.15808840692249695,
        0.09543924203499869,
        0.09330904388031305,
        0.09330904388031305,
        0.09330904388031305,
        0.09330904388031305,
        0.09330904388031305,
        0.09330904388031305,
        0.09330904388031305,
        0.09330904388031305
      ],
      [
        0.10000000000000002,
        0.10000000000000002,
        0.10000000000000002,
        0.10000000000000002,
        0.10000000000000002,
        0.10000000000000002,
        0.10000000000000002,
        0.10000000000000002,
        0.10000000000000002,
        0.10000000000000002
      ],
      [
        0.10001124241519257,
        0.09999875084275638,
        0.09999875084275638,
        0.09999875084275638,
        0.09999875084275638,
        0.09999875084275638,
        0.09999875084275638,
        0.09999875084275638,
        0.09999875084275638,
        0.09999875084275638
      ],
      [
        0.0999897359229789,
        0.0999897359229789,
        0.0999897359229789,
        0.10002240258525248,
        0.0999897359229789,
        0.09999023694135865,
        0.0999897359229789,
        0.0999897359229789,
        0.0999897359229789,
        0.1000592090125367
      ],
      [
        0.10000000000000002,
        0.10000000000000002,
        0.10000000000000002,
        0.10000000000000002,
        0.10000000000000002,
        0.10000000000000002,
        0.10000000000000002,
        0.10000000000000002,
        0.10000000000000002,
        0.10000000000000002
      ],
      [
        0.09996397952867049,
        0.09996397952867049,
        0.09996397952867049,
        0.09996397952867049,
        0.10032418424196578,
        0.09996397952867049,
        0.09996397952867049,
        0.09996397952867049,
        0.09996397952867049,
        0.09996397952867049
      ],
      [
        0.09883258407806852,
        0.09978359331135253,
        0.09883258407806852,
        0.09883258407806852,
        0.09883258407806852,
        0.1095557340640993,
        0.09883258407806852,
        0.09883258407806852,
        0.09883258407806852,
        0.09883258407806852
      ]
    ],
    [
      [
        0.09354221458965685,
        0.0935284935549688,
        0.0935284935549688,
        0.0935284935549688,
        0.0935284935549688,
        0.0935284935549688,
        0.0935284935549688,
        0.0935284935549688,
        0.0935284935549688,
        0.15822983697059267
      ],
      [
        0.0997048665933445,
        0.10171489822799655,
        0.0997048665933445,
        0.0997048665933445,
        0.0997048665933445,
        0.0997048665933445,
        0.1006461690252475,
        0.0997048665933445,
        0.0997048665933445,
        0.0997048665933445
      ],
      [
        0.10000000000000002,
        0.10000000000000002,
        0.10000000000000002,
        0.10000000000000002,
        0.10000000000000002,
        0.10000000000000002,
        0.10000000000000002,
        0.10000000000000002,
        0.10000000000000002,
        0.10000000000000002
      ],
      [
        0.09999710589181823,
        0.09999710589181823,
        0.09999710589181823,
        0.09999710589181823,
        0.09999710589181823,
        0.09999710589181823,
        0.09999710589181823,
        0.10002604697363579,
        0.09999710589181823,
        0.09999710589181823
      ],
      [
        0.0995096902180986,
        0.09950256120824806,
        0.09950256120824806,
        0.09950256120824806,
        0.09991463776321789,
        0.09950256120824806,
        0.09950256120824806,
        0.10405774356094695,
        0.09950256120824806,
        0.09950256120824806
      ],
      [
        0.1096855573620135,
        0.09892377206453931,
        0.09892377206453931,
        0.09892377206453931,
        0.09892377206453931,
        0.09892426612167221,
        0.09892377206453931,
        0.09892377206453931,
        0.09892377206453931,
        0.09892377206453931
      ],
      [
        0.09999998326488133,
        0.09999998326488133,
        0.09999998326488133,
        0.100000150616068,
        0.09999998326488133,
        0.09999998326488133,
        0.09999998326488133,
        0.09999998326488133,
        0.09999998326488133,
        0.09999998326488133
      ],
      [
        0.10000000000000002,
        0.10000000000000002,
        0.10000000000000002,
        0.10000000000000002,
        0.10000000000000002,
        0.10000000000000002,
        0.10000000000000002,
        0.10000000000000002,
        0.10000000000000002,
        0.10000000000000002
      ],
      [
        0.0999997161621205,
        0.0999997161621205,
        0.10000255454091536,
        0.0999997161621205,
        0.0999997161621205,
        0.0999997161621205,
        0.0999997161621205,
        0.0999997161621205,
        0.0999997161621205,
        0.0999997161621205
      ],
      [
        0.09742569513356109,
        0.12309292212456673,
        0.09742569513356109,
        0.09742569513356109,
        0.09742569513356109,
        0.09742569513356109,
        0.09742569513356109,
        0.09750151680694452,
        0.09742569513356109,
        0.09742569513356109
      ]
    ],
    [
      [
        0.0989120226747646,
        0.0989120226747646,
        0.0989120226747646,
        0.0989120226747646,
        0.09893271546842676,
        0.0990907597731432,
        0.0989120226747646,
        0.0989120226747646,
        0.10959236603507802,
        0.0989120226747646
      ],
      [
        0.097203704666729,
        0.097203704666729,
        0.097203704666729,
        0.097203704666729,
        0.097203704666729,
        0.09939094719393593,
        0.097203704666729,
        0.097203704666729,
        0.12297941547223211,
        0.097203704666729
      ],
      [
        0.0999997161621205,
        0.0999997161621205,
        0.0999997161621205,
        0.0999997161621205,
        0.0999997161621205,
        0.0999997161621205,
        0.0999997161621205,
        0.10000255454091539,
        0.0999997161621205,
        0.0999997161621205
      ],
      [
        0.09999998326488133,
        0.09999998326488133,
        0.10000015061606798,
        0.09999998326488133,
        0.09999998326488133,
        0.09999998326488133,
        0.09999998326488133,
        0.09999998326488133,
        0.09999998326488133,
        0.09999998326488133
      ],
      [
        0.10032418424196578,
        0.09996397952867049,
        0.09996397952867049,
        0.09996397952867049,
        0.09996397952867049,
        0.09996397952867049,
        0.09996397952867049,
        0.09996397952867049,
        0.09996397952867049,
        0.09996397952867049
      ],
      [
        0.09999996247969667,
        0.10000033768272996,
        0.09999996247969667,
        0.09999996247969667,
        0.09999996247969667,
        0.09999996247969667,
        0.09999996247969667,
        0.09999996247969667,
        0.09999996247969667,
        0.09999996247969667
      ],
      [
        0.09991643933652249,
        0.09991643933652249,
        0.09991643933652249,
        0.09991643933652249,
        0.09991643933652249,
        0.09991643933652249,
        0.10075204597129765,
        0.09991643933652249,
        0.09991643933652249,
        0.09991643933652249
      ],
      [
        0.0995366444005299,
        0.0995366444005299,
        0.0995366444005299,
        0.0995366444005299,
        0.0995366444005299,
        0.0995366444005299,
        0.1040905320551658,
        0.0995366444005299,
        0.09961631274059507,
        0.0995366444005299
      ],
      [
        0.10000000000000002,
        0.10000000000000002,
        0.10000000000000002,
        0.10000000000000002,
        0.10000000000000002,
        0.10000000000000002,
        0.10000000000000002,
        0.10000000000000002,
        0.10000000000000002,
        0.10000000000000002
      ],
      [
        0.09352991488389326,
        0.09352991488389326,
        0.09352991488389326,
        0.09352991488389326,
        0.09352991488389326,
        0.09352991488389326,
        0.09352991488389326,
        0.09352991488389326,
        0.09352991488389326,
        0.15823076604496059
      ]
    ]
  ],
  "metadata": {
    "calibration_temperature": 1.2,
    "recent_metrics": [
      {
        "ts": "2026-01-08T16:28:12.826978+00:00",
        "actual": "1632",
        "top_hit": false,
        "pos_entropy": [
          0.974067008873855,
          0.9759983200238673,
          0.9760561753263929,
          0.9762188609038515
        ],
        "pair_entropy": [
          0.9999999999956568,
          0.9999999999956568,
          0.999999999995657
        ],
        "best_number": "1632"
      },
      {
        "ts": "2026-01-09T15:27:06.751664+00:00",
        "actual": "6551",
        "top_hit": false,
        "pos_entropy": [
          0.988586673888248,
          0.987885273905904,
          0.9891185463409471,
          0.9891834469521609
        ],
        "pair_entropy": [
          0.9999999999956568,
          0.9999999999956568,
          0.9999999999956568
        ],
        "best_number": "6551"
      },
      {
        "ts": "2026-01-12T15:13:03.279137+00:00",
        "actual": "2827",
        "top_hit": false,
        "pos_entropy": [
          0.9890333557433417,
          0.9914185586896114,
          0.9911226698323787,
          0.9917638357769166
        ],
        "pair_entropy": [
          0.9999999999956568,
          0.9999999999956568,
          0.9999999999956568
        ],
        "best_number": "2827"
      },
      {
        "ts": "2026-01-12T15:23:00.834197+00:00",
        "actual": "2827",
        "top_hit": false,
        "pos_entropy": [
          0.9821897883482449,
          0.9831943029203012,
          0.9830370520856159,
          0.9832950204091401
        ],
        "pair_entropy": [
          0.9999999999956568,
          0.9999999999956568,
          0.9999999999956568
        ],
        "best_number": "2827"
      },
      {
        "ts": "2026-01-15T00:00:02.016219+00:00",
        "actual": "2404",
        "top_hit": false,
        "pos_entropy": [
          0.9797156634323234,
          0.9861555053096265,
          0.9853699923816581,
          0.9861982350423645
        ],
        "pair_entropy": [
          0.9999999999956568,
          0.9999999999956568,
          0.999999999995657
        ],
        "best_number": "2404"
      },
      {
        "ts": "2026-02-12T14:49:03.771245+00:00",
        "actual": "5004",
        "top_hit": false,
        "pos_entropy": [
          0.9853342452669769,
          0.9867103364094603,
          0.9809515190905501,
          0.9812345746151342
        ],
        "pair_entropy": [
          0.9999999999956568,
          0.9999999999956568,
          0.9999999999956568
        ],
        "best_number": "5004"
      },
      {
        "ts": "2026-02-13T14:48:09.483801+00:00",
        "actual": "6376",
        "top_hit": false,
        "pos_entropy": [
          0.9860854477136348,
          0.9866767283325354,
          0.9856177919829928,
          0.9856405587657519
        ],
        "pair_entropy": [
          0.9999999999956568,
          0.9999999999956568,
          0.999999999995657
        ],
        "best_number": "6376"
      },
      {
        "ts": "2026-02-16T14:48:09.805458+00:00",
        "actual": "6978",
        "top_hit": false,
        "pos_entropy": [
          0.9811545397673137,
          0.9868772763000901,
          0.9810733599427496,
          0.9865521399996379
        ],
        "pair_entropy": [
          0.9999999999956568,
          0.999999999995657,
          0.9999999999956568
        ],
        "best_number": "6978"
      },
      {
        "ts": "2026-02-17T14:48:39.682062+00:00",
        "actual": "0505",
        "top_hit": false,
        "pos_entropy": [
          0.9856630221817618,
          0.986842601733223,
          0.9838351608504776,
          0.9868056943294131
        ],
        "pair_entropy": [
          0.9999999999956568,
          0.9999999999956568,
          0.9999999999956568
        ],
        "best_number": "0505"
      },
      {
        "ts": "2026-02-18T14:48:40.698034+00:00",
        "actual": "8440",
        "top_hit": false,
        "pos_entropy": [
          0.9865483362728528,
          0.9865367511348959,
          0.9861107305805973,
          0.9868731450389407
        ],
        "pair_entropy": [
          0.9999999999956568,
          0.999999999995657,
          0.9999999999956568
        ],
        "best_number": "8440"
      },
      {
        "ts": "2026-02-19T14:48:46.699390+00:00",
        "actual": "9166",
        "top_hit": false,
        "pos_entropy": [
          0.986800609323371,
          0.98686134448653,
          0.9866484895433995,
          0.9861492041913885
        ],
        "pair_entropy": [
          0.9999999999956568,
          0.9999999999956568,
          0.999999999995657
        ],
        "best_number": "9166"
      },
      {
        "ts": "2026-02-20T14:47:45.486757+00:00",
        "actual": "3115",
        "top_hit": false,
        "pos_entropy": [
          0.9868940505294236,
          0.9814041161436883,
          0.986836970652086,
          0.9852240338964626
        ],
        "pair_entropy": [
          0.9999999999956568,
          0.9999999999956568,
          0.9999999999956568
        ],
        "best_number": "3115"
      },
      {
        "ts": "2026-02-23T14:48:50.971808+00:00",
        "actual": "2476",
        "top_hit": false,
        "pos_entropy": [
          0.9868733415179247,
          0.9842149258829745,
          0.9864453111975308,
          0.9835099644954374
        ],
        "pair_entropy": [
          0.9999999999956568,
          0.999999999995657,
          0.999999999995657
        ],
        "best_number": "2476"
      },
      {
        "ts": "2026-02-24T14:49:16.268091+00:00",
        "actual": "9508",
        "top_hit": false,
        "pos_entropy": [
          0.9854005912668967,
          0.9858325844440918,
          0.9864159833847039,
          0.9859338109077286
        ],
        "pair_entropy": [
          0.9999999999956568,
          0.9999999999956568,
          0.999999999995657
        ],
        "best_number": "9508"
      },
      {
        "ts": "2026-02-25T14:49:01.665952+00:00",
        "actual": "1918",
        "top_hit": false,
        "pos_entropy": [
          0.9865900102238058,
          0.9865138489651416,
          0.9852815026926505,
          0.9811342962198916
        ],
        "pair_entropy": [
          0.9999999999956568,
          0.9999999999956568,
          0.999999999995657
        ],
        "best_number": "1918"
      },
      {
        "ts": "2026-02-26T14:48:48.862491+00:00",
        "actual": "3099",
        "top_hit": false,
        "pos_entropy": [
          0.9860655657033265,
          0.9867964459546907,
          0.9865524314212643,
          0.9856701568363376
        ],
        "pair_entropy": [
          0.999999999995657,
          0.9999999999956568,
          0.9999999999956568
        ],
        "best_number": "3099"
      }
    ],
    "pos_entropy": [
      0.9860655657033265,
      0.9867964459546907,
      0.9865524314212643,
      0.9856701568363376
    ],
    "pair_entropy": [
      0.999999999995657,
      0.9999999999956568,
      0.9999999999956568
    ],
    "top_boxes": [
      [
        "0399",
        0.0006892569941044531
      ],
      [
        "0389",
        0.0006648999110619087
      ],
      [
        "0138",
        0.0005741304518231389
      ],
      [
        "0038",
        0.0005397026906628921
      ],
      [
        "0039",
        0.00040741854193766493
      ],
      [
        "0139",
        0.00040741854193766493
      ],
      [
        "0239",
        0.00040741854193766493
      ],
      [
        "0339",
        0.00040741854193766493
      ],
      [
        "0349",
        0.00040741854193766493
      ],
      [
        "0359",
        0.00040741854193766493
      ],
      [
        "0369",
        0.00040741854193766493
      ],
      [
        "0379",
        0.00040741854193766493
      ],
      [
        "0199",
        0.000296004804416248
      ],
      [
        "0367",
        0.0002680137270643506
      ],
      [
        "1399",
        0.00026220207023927843
      ]
    ],
    "top_numbers": [
      [
        "3099",
        0.0006892569941044531
      ],
      [
        "3090",
        0.00040741854193766493
      ],
      [
        "3091",
        0.00040741854193766493
      ],
      [
        "3092",
        0.00040741854193766493
      ],
      [
        "3093",
        0.00040741854193766493
      ],
      [
        "3094",
        0.00040741854193766493
      ],
      [
        "3095",
        0.00040741854193766493
      ],
      [
        "3096",
        0.00040741854193766493
      ],
      [
        "3097",
        0.00040741854193766493
      ],
      [
        "3098",
        0.00040741854193766493
      ]
    ]
  }
}