{
  "version": 1,
  "updated_at": "2026-02-25T14:49:01.665980+00:00",
  "events": 62,
  "pos_probs": [
    [
      0.08554502975197531,
      0.17180986502945064,
      0.10154532090655016,
      0.09272803499853832,
      0.08454538828771034,
      0.08467234076140778,
      0.08513818727612121,
      0.08454983369114231,
      0.08654742079473207,
      0.12291857850237174
    ],
    [
      0.08491444564953352,
      0.09448829002524088,
      0.0847900731195266,
      0.08504283718682076,
      0.10237035555472576,
      0.12177364102814958,
      0.08478985783915106,
      0.08478575950872096,
      0.08482296710437115,
      0.17222177298375968
    ],
    [
      0.12199142055686925,
      0.17673684377691526,
      0.08478683353325349,
      0.08475354589462296,
      0.08675092454481882,
      0.08475670210000567,
      0.08878076168369194,
      0.10194408035863485,
      0.08474944377559401,
      0.08474944377559401
    ],
    [
      0.08802918204775328,
      0.08598781748710473,
      0.08598470973871253,
      0.08598472497563152,
      0.08613338223334112,
      0.09462679074400876,
      0.10469368756420706,
      0.08601826283800824,
      0.196561000819699,
      0.08598044155153384
    ]
  ],
  "pair_probs": [
    [
      [
        0.09996397952867049,
        0.09996397952867049,
        0.09996397952867049,
        0.09996397952867049,
        0.09996397952867049,
        0.10032418424196578,
        0.09996397952867049,
        0.09996397952867049,
        0.09996397952867049,
        0.09996397952867049
      ],
      [
        0.0935298707689985,
        0.0935298707689985,
        0.0935298707689985,
        0.0935298707689985,
        0.0935298707689985,
        0.0935298707689985,
        0.09353029664198914,
        0.0935298707689985,
        0.0935298707689985,
        0.1582307372060228
      ],
      [
        0.098931381778321,
        0.098931381778321,
        0.098931381778321,
        0.098931381778321,
        0.10960911580057793,
        0.098931381778321,
        0.098931381778321,
        0.098931381778321,
        0.09893982997285392,
        0.098931381778321
      ],
      [
        0.09954692934765828,
        0.10407763587107534,
        0.09954692934765828,
        0.09954692934765828,
        0.09954692934765828,
        0.09954692934765828,
        0.09954692934765828,
        0.09954692934765828,
        0.09954692934765828,
        0.09954692934765828
      ],
      [
        0.10000000000000002,
        0.10000000000000002,
        0.10000000000000002,
        0.10000000000000002,
        0.10000000000000002,
        0.10000000000000002,
        0.10000000000000002,
        0.10000000000000002,
        0.10000000000000002,
        0.10000000000000002
      ],
      [
        0.10002604697363579,
        0.09999710589181823,
        0.09999710589181823,
        0.09999710589181823,
        0.09999710589181823,
        0.09999710589181823,
        0.09999710589181823,
        0.09999710589181823,
        0.09999710589181823,
        0.09999710589181823
      ],
      [
        0.09997621674627011,
        0.09997621674627011,
        0.09997621674627011,
        0.10005190119991675,
        0.09997621674627011,
        0.09997737736965191,
        0.09997621674627011,
        0.09997621674627011,
        0.09997621674627011,
        0.10013720420654071
      ],
      [
        0.10000000000000002,
        0.10000000000000002,
        0.10000000000000002,
        0.10000000000000002,
        0.10000000000000002,
        0.10000000000000002,
        0.10000000000000002,
        0.10000000000000002,
        0.10000000000000002,
        0.10000000000000002
      ],
      [
        0.09991643933652249,
        0.09991643933652249,
        0.09991643933652249,
        0.09991643933652249,
        0.10075204597129765,
        0.09991643933652249,
        0.09991643933652249,
        0.09991643933652249,
        0.09991643933652249,
        0.09991643933652249
      ],
      [
        0.09720370466672898,
        0.09939094719393592,
        0.09720370466672898,
        0.09720370466672898,
        0.09720370466672898,
        0.12297941547223208,
        0.09720370466672898,
        0.09720370466672898,
        0.09720370466672898,
        0.09720370466672898
      ]
    ],
    [
      [
        0.10002604697363579,
        0.09999710589181823,
        0.09999710589181823,
        0.09999710589181823,
        0.09999710589181823,
        0.09999710589181823,
        0.09999710589181823,
        0.09999710589181823,
        0.09999710589181823,
        0.09999710589181823
      ],
      [
        0.09931288472704862,
        0.10399984013825697,
        0.09931288472704862,
        0.09931288472704862,
        0.09931288472704862,
        0.09931288472704862,
        0.10149708204535413,
        0.09931288472704862,
        0.09931288472704862,
        0.09931288472704862
      ],
      [
        0.10000000000000002,
        0.10000000000000002,
        0.10000000000000002,
        0.10000000000000002,
        0.10000000000000002,
        0.10000000000000002,
        0.10000000000000002,
        0.10000000000000002,
        0.10000000000000002,
        0.10000000000000002
      ],
      [
        0.09999329438374331,
        0.09999329438374331,
        0.09999329438374331,
        0.09999329438374331,
        0.09999329438374331,
        0.09999329438374331,
        0.09999329438374331,
        0.1000603505463101,
        0.09999329438374331,
        0.09999329438374331
      ],
      [
        0.09884719018553126,
        0.09883075184182948,
        0.09883075184182948,
        0.09883075184182948,
        0.09978271228003721,
        0.09883075184182948,
        0.09883075184182948,
        0.10955483464162537,
        0.09883075184182948,
        0.09883075184182948
      ],
      [
        0.12330391735655732,
        0.09741055004620272,
        0.09741055004620272,
        0.09741055004620272,
        0.09741055004620272,
        0.0974116822738208,
        0.09741055004620272,
        0.09741055004620272,
        0.09741055004620272,
        0.09741055004620272
      ],
      [
        0.0999999612290225,
        0.0999999612290225,
        0.0999999612290225,
        0.1000003489387978,
        0.0999999612290225,
        0.0999999612290225,
        0.0999999612290225,
        0.0999999612290225,
        0.0999999612290225,
        0.0999999612290225
      ],
      [
        0.10000000000000002,
        0.10000000000000002,
        0.10000000000000002,
        0.10000000000000002,
        0.10000000000000002,
        0.10000000000000002,
        0.10000000000000002,
        0.10000000000000002,
        0.10000000000000002,
        0.10000000000000002
      ],
      [
        0.09999934241397178,
        0.09999934241397178,
        0.10000591827425413,
        0.09999934241397178,
        0.09999934241397178,
        0.09999934241397178,
        0.09999934241397178,
        0.09999934241397178,
        0.09999934241397178,
        0.09999934241397178
      ],
      [
        0.09351223460464114,
        0.15821922102537164,
        0.09351223460464114,
        0.09351223460464114,
        0.09351223460464114,
        0.09351223460464114,
        0.09351223460464114,
        0.09368290213749939,
        0.09351223460464114,
        0.09351223460464114
      ]
    ],
    [
      [
        0.09738566884466203,
        0.09738566884466203,
        0.09738566884466203,
        0.09738566884466203,
        0.09743309048259557,
        0.09779558135028979,
        0.09738566884466203,
        0.09738566884466203,
        0.12307164625448049,
        0.09738566884466203
      ],
      [
        0.0930147676848728,
        0.0930147676848728,
        0.0930147676848728,
        0.0930147676848728,
        0.0930147676848728,
        0.09797683771258521,
        0.0930147676848728,
        0.0930147676848728,
        0.15790502080843236,
        0.0930147676848728
      ],
      [
        0.09999934241397176,
        0.09999934241397176,
        0.09999934241397176,
        0.09999934241397176,
        0.09999934241397176,
        0.09999934241397176,
        0.09999934241397176,
        0.10000591827425413,
        0.09999934241397176,
        0.09999934241397176
      ],
      [
        0.09999996122902248,
        0.09999996122902248,
        0.10000034893879779,
        0.09999996122902248,
        0.09999996122902248,
        0.09999996122902248,
        0.09999996122902248,
        0.09999996122902248,
        0.09999996122902248,
        0.09999996122902248
      ],
      [
        0.10075204597129765,
        0.09991643933652249,
        0.09991643933652249,
        0.09991643933652249,
        0.09991643933652249,
        0.09991643933652249,
        0.09991643933652249,
        0.09991643933652249,
        0.09991643933652249,
        0.09991643933652249
      ],
      [
        0.09999991307501437,
        0.10000078232487092,
        0.09999991307501437,
        0.09999991307501437,
        0.09999991307501437,
        0.09999991307501437,
        0.09999991307501437,
        0.09999991307501437,
        0.09999991307501437,
        0.09999991307501437
      ],
      [
        0.09980581740198713,
        0.09980581740198713,
        0.09980581740198713,
        0.09980581740198713,
        0.09980581740198713,
        0.09980581740198713,
        0.10174764338211588,
        0.09980581740198713,
        0.09980581740198713,
        0.09980581740198713
      ],
      [
        0.09890919178221368,
        0.09890919178221368,
        0.09890919178221368,
        0.09890919178221368,
        0.09890919178221368,
        0.09890919178221368,
        0.1096334524122962,
        0.09890919178221368,
        0.09909301332999439,
        0.09890919178221368
      ],
      [
        0.10000000000000002,
        0.10000000000000002,
        0.10000000000000002,
        0.10000000000000002,
        0.10000000000000002,
        0.10000000000000002,
        0.10000000000000002,
        0.10000000000000002,
        0.10000000000000002,
        0.10000000000000002
      ],
      [
        0.10000000000000002,
        0.10000000000000002,
        0.10000000000000002,
        0.10000000000000002,
        0.10000000000000002,
        0.10000000000000002,
        0.10000000000000002,
        0.10000000000000002,
        0.10000000000000002,
        0.10000000000000002
      ]
    ]
  ],
  "metadata": {
    "calibration_temperature": 1.2,
    "recent_metrics": [
      {
        "ts": "2026-01-08T16:28:12.826978+00:00",
        "actual": "1632",
        "top_hit": false,
        "pos_entropy": [
          0.974067008873855,
          0.9759983200238673,
          0.9760561753263929,
          0.9762188609038515
        ],
        "pair_entropy": [
          0.9999999999956568,
          0.9999999999956568,
          0.999999999995657
        ],
        "best_number": "1632"
      },
      {
        "ts": "2026-01-09T15:27:06.751664+00:00",
        "actual": "6551",
        "top_hit": false,
        "pos_entropy": [
          0.988586673888248,
          0.987885273905904,
          0.9891185463409471,
          0.9891834469521609
        ],
        "pair_entropy": [
          0.9999999999956568,
          0.9999999999956568,
          0.9999999999956568
        ],
        "best_number": "6551"
      },
      {
        "ts": "2026-01-12T15:13:03.279137+00:00",
        "actual": "2827",
        "top_hit": false,
        "pos_entropy": [
          0.9890333557433417,
          0.9914185586896114,
          0.9911226698323787,
          0.9917638357769166
        ],
        "pair_entropy": [
          0.9999999999956568,
          0.9999999999956568,
          0.9999999999956568
        ],
        "best_number": "2827"
      },
      {
        "ts": "2026-01-12T15:23:00.834197+00:00",
        "actual": "2827",
        "top_hit": false,
        "pos_entropy": [
          0.9821897883482449,
          0.9831943029203012,
          0.9830370520856159,
          0.9832950204091401
        ],
        "pair_entropy": [
          0.9999999999956568,
          0.9999999999956568,
          0.9999999999956568
        ],
        "best_number": "2827"
      },
      {
        "ts": "2026-01-15T00:00:02.016219+00:00",
        "actual": "2404",
        "top_hit": false,
        "pos_entropy": [
          0.9797156634323234,
          0.9861555053096265,
          0.9853699923816581,
          0.9861982350423645
        ],
        "pair_entropy": [
          0.9999999999956568,
          0.9999999999956568,
          0.999999999995657
        ],
        "best_number": "2404"
      },
      {
        "ts": "2026-02-12T14:49:03.771245+00:00",
        "actual": "5004",
        "top_hit": false,
        "pos_entropy": [
          0.9853342452669769,
          0.9867103364094603,
          0.9809515190905501,
          0.9812345746151342
        ],
        "pair_entropy": [
          0.9999999999956568,
          0.9999999999956568,
          0.9999999999956568
        ],
        "best_number": "5004"
      },
      {
        "ts": "2026-02-13T14:48:09.483801+00:00",
        "actual": "6376",
        "top_hit": false,
        "pos_entropy": [
          0.9860854477136348,
          0.9866767283325354,
          0.9856177919829928,
          0.9856405587657519
        ],
        "pair_entropy": [
          0.9999999999956568,
          0.9999999999956568,
          0.999999999995657
        ],
        "best_number": "6376"
      },
      {
        "ts": "2026-02-16T14:48:09.805458+00:00",
        "actual": "6978",
        "top_hit": false,
        "pos_entropy": [
          0.9811545397673137,
          0.9868772763000901,
          0.9810733599427496,
          0.9865521399996379
        ],
        "pair_entropy": [
          0.9999999999956568,
          0.999999999995657,
          0.9999999999956568
        ],
        "best_number": "6978"
      },
      {
        "ts": "2026-02-17T14:48:39.682062+00:00",
        "actual": "0505",
        "top_hit": false,
        "pos_entropy": [
          0.9856630221817618,
          0.986842601733223,
          0.9838351608504776,
          0.9868056943294131
        ],
        "pair_entropy": [
          0.9999999999956568,
          0.9999999999956568,
          0.9999999999956568
        ],
        "best_number": "0505"
      },
      {
        "ts": "2026-02-18T14:48:40.698034+00:00",
        "actual": "8440",
        "top_hit": false,
        "pos_entropy": [
          0.9865483362728528,
          0.9865367511348959,
          0.9861107305805973,
          0.9868731450389407
        ],
        "pair_entropy": [
          0.9999999999956568,
          0.999999999995657,
          0.9999999999956568
        ],
        "best_number": "8440"
      },
      {
        "ts": "2026-02-19T14:48:46.699390+00:00",
        "actual": "9166",
        "top_hit": false,
        "pos_entropy": [
          0.986800609323371,
          0.98686134448653,
          0.9866484895433995,
          0.9861492041913885
        ],
        "pair_entropy": [
          0.9999999999956568,
          0.9999999999956568,
          0.999999999995657
        ],
        "best_number": "9166"
      },
      {
        "ts": "2026-02-20T14:47:45.486757+00:00",
        "actual": "3115",
        "top_hit": false,
        "pos_entropy": [
          0.9868940505294236,
          0.9814041161436883,
          0.986836970652086,
          0.9852240338964626
        ],
        "pair_entropy": [
          0.9999999999956568,
          0.9999999999956568,
          0.9999999999956568
        ],
        "best_number": "3115"
      },
      {
        "ts": "2026-02-23T14:48:50.971808+00:00",
        "actual": "2476",
        "top_hit": false,
        "pos_entropy": [
          0.9868733415179247,
          0.9842149258829745,
          0.9864453111975308,
          0.9835099644954374
        ],
        "pair_entropy": [
          0.9999999999956568,
          0.999999999995657,
          0.999999999995657
        ],
        "best_number": "2476"
      },
      {
        "ts": "2026-02-24T14:49:16.268091+00:00",
        "actual": "9508",
        "top_hit": false,
        "pos_entropy": [
          0.9854005912668967,
          0.9858325844440918,
          0.9864159833847039,
          0.9859338109077286
        ],
        "pair_entropy": [
          0.9999999999956568,
          0.9999999999956568,
          0.999999999995657
        ],
        "best_number": "9508"
      },
      {
        "ts": "2026-02-25T14:49:01.665952+00:00",
        "actual": "1918",
        "top_hit": false,
        "pos_entropy": [
          0.9865900102238058,
          0.9865138489651416,
          0.9852815026926505,
          0.9811342962198916
        ],
        "pair_entropy": [
          0.9999999999956568,
          0.9999999999956568,
          0.999999999995657
        ],
        "best_number": "1918"
      }
    ],
    "pos_entropy": [
      0.9865900102238058,
      0.9865138489651416,
      0.9852815026926505,
      0.9811342962198916
    ],
    "pair_entropy": [
      0.9999999999956568,
      0.9999999999956568,
      0.999999999995657
    ],
    "top_boxes": [
      [
        "1189",
        0.0009334130869280273
      ],
      [
        "1159",
        0.0006756468981724991
      ],
      [
        "0189",
        0.0005670896952858382
      ],
      [
        "1899",
        0.0005527263282226948
      ],
      [
        "0119",
        0.00040008299792746637
      ],
      [
        "1119",
        0.00040008299792746637
      ],
      [
        "1129",
        0.00040008299792746637
      ],
      [
        "1139",
        0.00040008299792746637
      ],
      [
        "1149",
        0.00040008299792746637
      ],
      [
        "1169",
        0.00040008299792746637
      ],
      [
        "1179",
        0.00040008299792746637
      ],
      [
        "1199",
        0.00040008299792746637
      ],
      [
        "1679",
        0.0002792173330496712
      ],
      [
        "1118",
        0.0002638924966159158
      ],
      [
        "1669",
        0.00025866147065500166
      ]
    ],
    "top_numbers": [
      [
        "1918",
        0.0006791944514323707
      ],
      [
        "1915",
        0.00042142627386123054
      ],
      [
        "1910",
        0.00040008299792746637
      ],
      [
        "1911",
        0.00040008299792746637
      ],
      [
        "1912",
        0.00040008299792746637
      ],
      [
        "1913",
        0.00040008299792746637
      ],
      [
        "1914",
        0.00040008299792746637
      ],
      [
        "1916",
        0.00040008299792746637
      ],
      [
        "1917",
        0.00040008299792746637
      ],
      [
        "1919",
        0.00040008299792746637
      ]
    ]
  }
}