{
  "version": 1,
  "updated_at": "2026-03-03T14:48:31.321914+00:00",
  "events": 66,
  "pos_probs": [
    [
      0.08456174295154367,
      0.08853095468969444,
      0.10177834831245694,
      0.09283310237611213,
      0.08449758950459907,
      0.08450577353338425,
      0.08453571279949341,
      0.12120579316653302,
      0.08462541749022097,
      0.1729255651759621
    ],
    [
      0.17675487102354584,
      0.0853802280206359,
      0.08478350267302366,
      0.08479979721081878,
      0.08582679540079409,
      0.10247355594170694,
      0.12158428287722753,
      0.08478322422579278,
      0.08478562560018175,
      0.08882811702627283
    ],
    [
      0.08702044432031995,
      0.08918804604421346,
      0.12194431253359317,
      0.08497819703141171,
      0.08510613929616594,
      0.08497840127441147,
      0.08523354509887776,
      0.08600268495632817,
      0.1823516566675407,
      0.0931965727771377
    ],
    [
      0.08556419708988947,
      0.08543442127193393,
      0.08543422165532383,
      0.0854342226340356,
      0.08544376410567506,
      0.08596631285608786,
      0.1303052161775133,
      0.1725520464332263,
      0.09022713169566995,
      0.0936384660806447
    ]
  ],
  "pair_probs": [
    [
      [
        0.09999875084275638,
        0.09999875084275638,
        0.09999875084275638,
        0.09999875084275638,
        0.09999875084275638,
        0.10001124241519257,
        0.09999875084275638,
        0.09999875084275638,
        0.09999875084275638,
        0.09999875084275638
      ],
      [
        0.09980581576642053,
        0.09980581576642053,
        0.09980581576642053,
        0.09980581576642053,
        0.09980581576642053,
        0.09980581576642053,
        0.09980583124621752,
        0.09980581576642053,
        0.09980581576642053,
        0.10174764262241819
      ],
      [
        0.09888962819309505,
        0.09888962819309505,
        0.09888962819309505,
        0.09888962819309505,
        0.09930089584283514,
        0.10958174078796375,
        0.09888962819309505,
        0.09888962819309505,
        0.09888996601753582,
        0.09888962819309505
      ],
      [
        0.10406894482239881,
        0.09970615529305135,
        0.09952811248556871,
        0.09952811248556871,
        0.09952811248556871,
        0.09952811248556871,
        0.09952811248556871,
        0.09952811248556871,
        0.09952811248556871,
        0.09952811248556871
      ],
      [
        0.10000000000000002,
        0.10000000000000002,
        0.10000000000000002,
        0.10000000000000002,
        0.10000000000000002,
        0.10000000000000002,
        0.10000000000000002,
        0.10000000000000002,
        0.10000000000000002,
        0.10000000000000002
      ],
      [
        0.10000090409197936,
        0.09999989954533561,
        0.09999989954533561,
        0.09999989954533561,
        0.09999989954533561,
        0.09999989954533561,
        0.09999989954533561,
        0.09999989954533561,
        0.09999989954533561,
        0.09999989954533561
      ],
      [
        0.09999917465527723,
        0.09999917465527723,
        0.09999917465527723,
        0.10000180162319246,
        0.09999917465527723,
        0.09999921495003412,
        0.09999917465527723,
        0.09999917465527723,
        0.09999917465527723,
        0.10000476083983295
      ],
      [
        0.09743364677793669,
        0.09743364677793669,
        0.09743364677793669,
        0.09743364677793669,
        0.09743364677793669,
        0.09743364677793669,
        0.12309717899856985,
        0.09743364677793669,
        0.09743364677793669,
        0.09743364677793669
      ],
      [
        0.09999710589181823,
        0.09999710589181823,
        0.09999710589181823,
        0.09999710589181823,
        0.10002604697363579,
        0.09999710589181823,
        0.09999710589181823,
        0.09999710589181823,
        0.09999710589181823,
        0.09999710589181823
      ],
      [
        0.15816294344433446,
        0.0935099800000085,
        0.09342558731158308,
        0.09342558731158308,
        0.09342558731158308,
        0.09434796537457542,
        0.09342558731158308,
        0.09342558731158308,
        0.09342558731158308,
        0.09342558731158308
      ]
    ],
    [
      [
        0.09301589661257888,
        0.09301462905555584,
        0.09301462905555584,
        0.09301462905555584,
        0.09301462905555584,
        0.09301462905555584,
        0.09301462905555584,
        0.09301462905555584,
        0.15790493012233944,
        0.09797676987619093
      ],
      [
        0.09997634677327993,
        0.10013726385020055,
        0.09997634677327993,
        0.09997634677327993,
        0.09997634677327993,
        0.09997634677327993,
        0.1000519619635599,
        0.09997634677327993,
        0.09997634677327993,
        0.09997634677327993
      ],
      [
        0.10000000000000002,
        0.10000000000000002,
        0.10000000000000002,
        0.10000000000000002,
        0.10000000000000002,
        0.10000000000000002,
        0.10000000000000002,
        0.10000000000000002,
        0.10000000000000002,
        0.10000000000000002
      ],
      [
        0.09999976727159142,
        0.09999976727159142,
        0.09999976727159142,
        0.09999976727159142,
        0.09999976727159142,
        0.09999976727159142,
        0.09999976727159142,
        0.10000209455567707,
        0.09999976727159142,
        0.09999976727159142
      ],
      [
        0.0999609749793665,
        0.09996039982970194,
        0.09996039982970194,
        0.09996039982970194,
        0.09999360174200984,
        0.09996039982970194,
        0.09996039982970194,
        0.10032262447071032,
        0.09996039982970194,
        0.09996039982970194
      ],
      [
        0.09979071847445023,
        0.09883173463063571,
        0.09883173463063571,
        0.09883173463063571,
        0.09883173463063571,
        0.09883178041810599,
        0.09883173463063571,
        0.09883173463063571,
        0.10955535869299385,
        0.09883173463063571
      ],
      [
        0.09743364518191483,
        0.09743364518191483,
        0.12309717814283201,
        0.09743366040184928,
        0.09743364518191483,
        0.09743364518191483,
        0.09743364518191483,
        0.09743364518191483,
        0.09743364518191483,
        0.09743364518191483
      ],
      [
        0.10000000000000002,
        0.10000000000000002,
        0.10000000000000002,
        0.10000000000000002,
        0.10000000000000002,
        0.10000000000000002,
        0.10000000000000002,
        0.10000000000000002,
        0.10000000000000002,
        0.10000000000000002
      ],
      [
        0.09999997717377342,
        0.09999997717377342,
        0.10000020543603912,
        0.09999997717377342,
        0.09999997717377342,
        0.09999997717377342,
        0.09999997717377342,
        0.09999997717377342,
        0.09999997717377342,
        0.09999997717377342
      ],
      [
        0.09980516220967776,
        0.10174733960040885,
        0.09980516220967776,
        0.09980516220967776,
        0.09980516220967776,
        0.09980516220967776,
        0.09980516220967776,
        0.09981136272216899,
        0.09980516220967776,
        0.09980516220967776
      ]
    ],
    [
      [
        0.09991473230458045,
        0.09991473230458045,
        0.09991473230458045,
        0.09991473230458045,
        0.09991640812417443,
        0.09992920003981076,
        0.09991473230458045,
        0.09991473230458045,
        0.10075126570395171,
        0.09991473230458045
      ],
      [
        0.09978697234651693,
        0.09978697234651693,
        0.09978697234651693,
        0.09978697234651693,
        0.09978697234651693,
        0.09996487104416127,
        0.09978697234651693,
        0.09978697234651693,
        0.10173935018370339,
        0.09978697234651693
      ],
      [
        0.09743361970861786,
        0.09743361970861786,
        0.09743361970861786,
        0.09743361970861786,
        0.09743361970861786,
        0.09743361970861786,
        0.12309716448490506,
        0.09743387784615201,
        0.09743361970861786,
        0.09743361970861786
      ],
      [
        0.09999999865415346,
        0.09999999865415346,
        0.10000001211261901,
        0.09999999865415346,
        0.09999999865415346,
        0.09999999865415346,
        0.09999999865415346,
        0.09999999865415346,
        0.09999999865415346,
        0.09999999865415346
      ],
      [
        0.10002604697363579,
        0.09999710589181823,
        0.09999710589181823,
        0.09999710589181823,
        0.09999710589181823,
        0.09999710589181823,
        0.09999710589181823,
        0.09999710589181823,
        0.09999710589181823,
        0.09999710589181823
      ],
      [
        0.09999999698260018,
        0.10000002715659836,
        0.09999999698260018,
        0.09999999698260018,
        0.09999999698260018,
        0.09999999698260018,
        0.09999999698260018,
        0.09999999698260018,
        0.09999999698260018,
        0.09999999698260018
      ],
      [
        0.09999329438374331,
        0.09999329438374331,
        0.09999329438374331,
        0.09999329438374331,
        0.09999329438374331,
        0.09999329438374331,
        0.1000603505463101,
        0.09999329438374331,
        0.09999329438374331,
        0.09999329438374331
      ],
      [
        0.09996315304885982,
        0.09996315304885982,
        0.09996315304885982,
        0.09996315304885982,
        0.09996315304885982,
        0.09996315304885982,
        0.10032519804395489,
        0.09996315304885982,
        0.09996957756516664,
        0.09996315304885982
      ],
      [
        0.0923174220706912,
        0.0923174220706912,
        0.0923174220706912,
        0.0923174220706912,
        0.0923174220706912,
        0.0923174220706912,
        0.10396174171433126,
        0.15749888172013934,
        0.0923174220706912,
        0.0923174220706912
      ],
      [
        0.09954692934765828,
        0.09954692934765828,
        0.09954692934765828,
        0.09954692934765828,
        0.09954692934765828,
        0.09954692934765828,
        0.09954692934765828,
        0.09954692934765828,
        0.09954692934765828,
        0.10407763587107534
      ]
    ]
  ],
  "metadata": {
    "calibration_temperature": 1.2,
    "recent_metrics": [
      {
        "ts": "2026-01-08T16:28:12.826978+00:00",
        "actual": "1632",
        "top_hit": false,
        "pos_entropy": [
          0.974067008873855,
          0.9759983200238673,
          0.9760561753263929,
          0.9762188609038515
        ],
        "pair_entropy": [
          0.9999999999956568,
          0.9999999999956568,
          0.999999999995657
        ],
        "best_number": "1632"
      },
      {
        "ts": "2026-01-09T15:27:06.751664+00:00",
        "actual": "6551",
        "top_hit": false,
        "pos_entropy": [
          0.988586673888248,
          0.987885273905904,
          0.9891185463409471,
          0.9891834469521609
        ],
        "pair_entropy": [
          0.9999999999956568,
          0.9999999999956568,
          0.9999999999956568
        ],
        "best_number": "6551"
      },
      {
        "ts": "2026-01-12T15:13:03.279137+00:00",
        "actual": "2827",
        "top_hit": false,
        "pos_entropy": [
          0.9890333557433417,
          0.9914185586896114,
          0.9911226698323787,
          0.9917638357769166
        ],
        "pair_entropy": [
          0.9999999999956568,
          0.9999999999956568,
          0.9999999999956568
        ],
        "best_number": "2827"
      },
      {
        "ts": "2026-01-12T15:23:00.834197+00:00",
        "actual": "2827",
        "top_hit": false,
        "pos_entropy": [
          0.9821897883482449,
          0.9831943029203012,
          0.9830370520856159,
          0.9832950204091401
        ],
        "pair_entropy": [
          0.9999999999956568,
          0.9999999999956568,
          0.9999999999956568
        ],
        "best_number": "2827"
      },
      {
        "ts": "2026-01-15T00:00:02.016219+00:00",
        "actual": "2404",
        "top_hit": false,
        "pos_entropy": [
          0.9797156634323234,
          0.9861555053096265,
          0.9853699923816581,
          0.9861982350423645
        ],
        "pair_entropy": [
          0.9999999999956568,
          0.9999999999956568,
          0.999999999995657
        ],
        "best_number": "2404"
      },
      {
        "ts": "2026-02-12T14:49:03.771245+00:00",
        "actual": "5004",
        "top_hit": false,
        "pos_entropy": [
          0.9853342452669769,
          0.9867103364094603,
          0.9809515190905501,
          0.9812345746151342
        ],
        "pair_entropy": [
          0.9999999999956568,
          0.9999999999956568,
          0.9999999999956568
        ],
        "best_number": "5004"
      },
      {
        "ts": "2026-02-13T14:48:09.483801+00:00",
        "actual": "6376",
        "top_hit": false,
        "pos_entropy": [
          0.9860854477136348,
          0.9866767283325354,
          0.9856177919829928,
          0.9856405587657519
        ],
        "pair_entropy": [
          0.9999999999956568,
          0.9999999999956568,
          0.999999999995657
        ],
        "best_number": "6376"
      },
      {
        "ts": "2026-02-16T14:48:09.805458+00:00",
        "actual": "6978",
        "top_hit": false,
        "pos_entropy": [
          0.9811545397673137,
          0.9868772763000901,
          0.9810733599427496,
          0.9865521399996379
        ],
        "pair_entropy": [
          0.9999999999956568,
          0.999999999995657,
          0.9999999999956568
        ],
        "best_number": "6978"
      },
      {
        "ts": "2026-02-17T14:48:39.682062+00:00",
        "actual": "0505",
        "top_hit": false,
        "pos_entropy": [
          0.9856630221817618,
          0.986842601733223,
          0.9838351608504776,
          0.9868056943294131
        ],
        "pair_entropy": [
          0.9999999999956568,
          0.9999999999956568,
          0.9999999999956568
        ],
        "best_number": "0505"
      },
      {
        "ts": "2026-02-18T14:48:40.698034+00:00",
        "actual": "8440",
        "top_hit": false,
        "pos_entropy": [
          0.9865483362728528,
          0.9865367511348959,
          0.9861107305805973,
          0.9868731450389407
        ],
        "pair_entropy": [
          0.9999999999956568,
          0.999999999995657,
          0.9999999999956568
        ],
        "best_number": "8440"
      },
      {
        "ts": "2026-02-19T14:48:46.699390+00:00",
        "actual": "9166",
        "top_hit": false,
        "pos_entropy": [
          0.986800609323371,
          0.98686134448653,
          0.9866484895433995,
          0.9861492041913885
        ],
        "pair_entropy": [
          0.9999999999956568,
          0.9999999999956568,
          0.999999999995657
        ],
        "best_number": "9166"
      },
      {
        "ts": "2026-02-20T14:47:45.486757+00:00",
        "actual": "3115",
        "top_hit": false,
        "pos_entropy": [
          0.9868940505294236,
          0.9814041161436883,
          0.986836970652086,
          0.9852240338964626
        ],
        "pair_entropy": [
          0.9999999999956568,
          0.9999999999956568,
          0.9999999999956568
        ],
        "best_number": "3115"
      },
      {
        "ts": "2026-02-23T14:48:50.971808+00:00",
        "actual": "2476",
        "top_hit": false,
        "pos_entropy": [
          0.9868733415179247,
          0.9842149258829745,
          0.9864453111975308,
          0.9835099644954374
        ],
        "pair_entropy": [
          0.9999999999956568,
          0.999999999995657,
          0.999999999995657
        ],
        "best_number": "2476"
      },
      {
        "ts": "2026-02-24T14:49:16.268091+00:00",
        "actual": "9508",
        "top_hit": false,
        "pos_entropy": [
          0.9854005912668967,
          0.9858325844440918,
          0.9864159833847039,
          0.9859338109077286
        ],
        "pair_entropy": [
          0.9999999999956568,
          0.9999999999956568,
          0.999999999995657
        ],
        "best_number": "9508"
      },
      {
        "ts": "2026-02-25T14:49:01.665952+00:00",
        "actual": "1918",
        "top_hit": false,
        "pos_entropy": [
          0.9865900102238058,
          0.9865138489651416,
          0.9852815026926505,
          0.9811342962198916
        ],
        "pair_entropy": [
          0.9999999999956568,
          0.9999999999956568,
          0.999999999995657
        ],
        "best_number": "1918"
      },
      {
        "ts": "2026-02-26T14:48:48.862491+00:00",
        "actual": "3099",
        "top_hit": false,
        "pos_entropy": [
          0.9860655657033265,
          0.9867964459546907,
          0.9865524314212643,
          0.9856701568363376
        ],
        "pair_entropy": [
          0.999999999995657,
          0.9999999999956568,
          0.9999999999956568
        ],
        "best_number": "3099"
      },
      {
        "ts": "2026-02-27T14:47:26.842260+00:00",
        "actual": "2586",
        "top_hit": false,
        "pos_entropy": [
          0.9859474642622159,
          0.9853546426898115,
          0.9868377469789965,
          0.9857107057525215
        ],
        "pair_entropy": [
          0.9999999999956568,
          0.9999999999956568,
          0.9999999999956568
        ],
        "best_number": "2586"
      },
      {
        "ts": "2026-03-02T14:47:58.081369+00:00",
        "actual": "7626",
        "top_hit": false,
        "pos_entropy": [
          0.9867022655915806,
          0.9865702470632144,
          0.98692061978212,
          0.9810184878048818
        ],
        "pair_entropy": [
          0.999999999995657,
          0.9999999999956568,
          0.9999999999956568
        ],
        "best_number": "7626"
      },
      {
        "ts": "2026-03-03T14:48:31.321868+00:00",
        "actual": "9087",
        "top_hit": false,
        "pos_entropy": [
          0.9864686334368186,
          0.9853020181560318,
          0.9839756014642168,
          0.9856408793947323
        ],
        "pair_entropy": [
          0.9999999999956568,
          0.999999999995657,
          0.9999999999956568
        ],
        "best_number": "9087"
      }
    ],
    "pos_entropy": [
      0.9864686334368186,
      0.9853020181560318,
      0.9839756014642168,
      0.9856408793947323
    ],
    "pair_entropy": [
      0.9999999999956568,
      0.999999999995657,
      0.9999999999956568
    ],
    "top_boxes": [
      [
        "0789",
        0.0006802007505357751
      ],
      [
        "0899",
        0.0006654537549400543
      ],
      [
        "0189",
        0.0006575210765235554
      ],
      [
        "0089",
        0.000655010893505735
      ],
      [
        "0689",
        0.00044898639259387344
      ],
      [
        "0289",
        0.00039869730562018703
      ],
      [
        "0389",
        0.00039869730562018703
      ],
      [
        "0489",
        0.00039869730562018703
      ],
      [
        "0589",
        0.00039869730562018703
      ],
      [
        "0889",
        0.00039869730562018703
      ],
      [
        "0269",
        0.00031315781201636495
      ],
      [
        "0778",
        0.0002937010505903523
      ],
      [
        "5789",
        0.00028151584399429755
      ],
      [
        "0999",
        0.0002788974082928576
      ],
      [
        "0099",
        0.0002667564493198672
      ]
    ],
    "top_numbers": [
      [
        "9087",
        0.0006802007505357751
      ],
      [
        "9086",
        0.00044898639259387344
      ],
      [
        "9080",
        0.00039869730562018703
      ],
      [
        "9081",
        0.00039869730562018703
      ],
      [
        "9082",
        0.00039869730562018703
      ],
      [
        "9083",
        0.00039869730562018703
      ],
      [
        "9084",
        0.00039869730562018703
      ],
      [
        "9085",
        0.00039869730562018703
      ],
      [
        "9088",
        0.00039869730562018703
      ],
      [
        "9089",
        0.00039869730562018703
      ]
    ]
  }
}