{
  "version": 1,
  "updated_at": "2026-02-18T14:48:40.698060+00:00",
  "events": 57,
  "pos_probs": [
    [
      0.12146096116734473,
      0.08507662007596418,
      0.08738047963265194,
      0.08495077628867405,
      0.08495077628867405,
      0.08895429892715306,
      0.10515650150434101,
      0.0850881612390454,
      0.17203064858747757,
      0.08495077628867405
    ],
    [
      0.08844160229572537,
      0.08442212789595684,
      0.08455413704739058,
      0.09262396233467013,
      0.17282020730837763,
      0.12123897896366048,
      0.08454754441147745,
      0.08442212789595684,
      0.0855669481936641,
      0.10136236365312068
    ],
    [
      0.12377919562387156,
      0.08525522311577433,
      0.08641812004210948,
      0.08538211192840918,
      0.1723092409297924,
      0.08547985756277181,
      0.08538614461936588,
      0.1054796599463568,
      0.08525522311577433,
      0.08525522311577433
    ],
    [
      0.17175842279457904,
      0.08469771615081584,
      0.0846037265153788,
      0.08460418710506382,
      0.08920749306923524,
      0.12110172443707327,
      0.0925945885149536,
      0.08562350352369415,
      0.10133384312903672,
      0.0844747947601695
    ]
  ],
  "pair_probs": [
    [
      [
        0.09743364677793669,
        0.09743364677793669,
        0.09743364677793669,
        0.09743364677793669,
        0.09743364677793669,
        0.12309717899856983,
        0.09743364677793669,
        0.09743364677793669,
        0.09743364677793669,
        0.09743364677793669
      ],
      [
        0.09999741222732046,
        0.09999741222732046,
        0.09999741222732046,
        0.09999741222732046,
        0.09999741222732046,
        0.09999741222732046,
        0.10002328995411595,
        0.09999741222732046,
        0.09999741222732046,
        0.09999741222732046
      ],
      [
        0.09986328798054894,
        0.09986328798054894,
        0.09986328798054894,
        0.09986328798054894,
        0.10073679220921955,
        0.09986328798054894,
        0.09986328798054894,
        0.09986328798054894,
        0.10035690394638892,
        0.09986328798054894
      ],
      [
        0.10000000000000002,
        0.10000000000000002,
        0.10000000000000002,
        0.10000000000000002,
        0.10000000000000002,
        0.10000000000000002,
        0.10000000000000002,
        0.10000000000000002,
        0.10000000000000002,
        0.10000000000000002
      ],
      [
        0.10000000000000002,
        0.10000000000000002,
        0.10000000000000002,
        0.10000000000000002,
        0.10000000000000002,
        0.10000000000000002,
        0.10000000000000002,
        0.10000000000000002,
        0.10000000000000002,
        0.10000000000000002
      ],
      [
        0.10174764338211591,
        0.09980581740198713,
        0.09980581740198713,
        0.09980581740198713,
        0.09980581740198713,
        0.09980581740198713,
        0.09980581740198713,
        0.09980581740198713,
        0.09980581740198713,
        0.09980581740198713
      ],
      [
        0.09838149169914423,
        0.09838149169914423,
        0.09838149169914423,
        0.1034640011680219,
        0.09838149169914423,
        0.09845810581169102,
        0.09838149169914423,
        0.09838149169914423,
        0.09838149169914423,
        0.10940745112627756
      ],
      [
        0.10000000000000002,
        0.10000000000000002,
        0.10000000000000002,
        0.10000000000000002,
        0.10000000000000002,
        0.10000000000000002,
        0.10000000000000002,
        0.10000000000000002,
        0.10000000000000002,
        0.10000000000000002
      ],
      [
        0.09352991488389326,
        0.09352991488389326,
        0.09352991488389326,
        0.09352991488389326,
        0.15823076604496059,
        0.09352991488389326,
        0.09352991488389326,
        0.09352991488389326,
        0.09352991488389326,
        0.09352991488389326
      ],
      [
        0.10000000000000002,
        0.10000000000000002,
        0.10000000000000002,
        0.10000000000000002,
        0.10000000000000002,
        0.10000000000000002,
        0.10000000000000002,
        0.10000000000000002,
        0.10000000000000002,
        0.10000000000000002
      ]
    ],
    [
      [
        0.10174764338211591,
        0.09980581740198713,
        0.09980581740198713,
        0.09980581740198713,
        0.09980581740198713,
        0.09980581740198713,
        0.09980581740198713,
        0.09980581740198713,
        0.09980581740198713,
        0.09980581740198713
      ],
      [
        0.10000000000000002,
        0.10000000000000002,
        0.10000000000000002,
        0.10000000000000002,
        0.10000000000000002,
        0.10000000000000002,
        0.10000000000000002,
        0.10000000000000002,
        0.10000000000000002,
        0.10000000000000002
      ],
      [
        0.10000000000000002,
        0.10000000000000002,
        0.10000000000000002,
        0.10000000000000002,
        0.10000000000000002,
        0.10000000000000002,
        0.10000000000000002,
        0.10000000000000002,
        0.10000000000000002,
        0.10000000000000002
      ],
      [
        0.09954692934765828,
        0.09954692934765828,
        0.09954692934765828,
        0.09954692934765828,
        0.09954692934765828,
        0.09954692934765828,
        0.09954692934765828,
        0.10407763587107534,
        0.09954692934765828,
        0.09954692934765828
      ],
      [
        0.09435218999615057,
        0.09343485160946716,
        0.09343485160946716,
        0.09343485160946716,
        0.15816899712811217,
        0.09343485160946716,
        0.09343485160946716,
        0.09343485160946716,
        0.09343485160946716,
        0.09343485160946716
      ],
      [
        0.12309349475811257,
        0.0974267662140194,
        0.0974267662140194,
        0.0974267662140194,
        0.0974267662140194,
        0.09749237552973218,
        0.0974267662140194,
        0.0974267662140194,
        0.0974267662140194,
        0.0974267662140194
      ],
      [
        0.09999741222732046,
        0.09999741222732046,
        0.09999741222732046,
        0.10002328995411595,
        0.09999741222732046,
        0.09999741222732046,
        0.09999741222732046,
        0.09999741222732046,
        0.09999741222732046,
        0.09999741222732046
      ],
      [
        0.10000000000000002,
        0.10000000000000002,
        0.10000000000000002,
        0.10000000000000002,
        0.10000000000000002,
        0.10000000000000002,
        0.10000000000000002,
        0.10000000000000002,
        0.10000000000000002,
        0.10000000000000002
      ],
      [
        0.09995605943796136,
        0.09995605943796136,
        0.10039546505834776,
        0.09995605943796136,
        0.09995605943796136,
        0.09995605943796136,
        0.09995605943796136,
        0.09995605943796136,
        0.09995605943796136,
        0.09995605943796136
      ],
      [
        0.09893304438681713,
        0.09893304438681713,
        0.09893304438681713,
        0.09893304438681713,
        0.09893304438681713,
        0.09893304438681713,
        0.09893304438681713,
        0.10960260051864576,
        0.09893304438681713,
        0.09893304438681713
      ]
    ],
    [
      [
        0.09714230225809689,
        0.09714230225809689,
        0.09714230225809689,
        0.09714230225809689,
        0.09991172531839798,
        0.12294985661682678,
        0.09714230225809689,
        0.09714230225809689,
        0.09714230225809689,
        0.09714230225809689
      ],
      [
        0.10000000000000002,
        0.10000000000000002,
        0.10000000000000002,
        0.10000000000000002,
        0.10000000000000002,
        0.10000000000000002,
        0.10000000000000002,
        0.10000000000000002,
        0.10000000000000002,
        0.10000000000000002
      ],
      [
        0.09995605943796135,
        0.09995605943796135,
        0.09995605943796135,
        0.09995605943796135,
        0.09995605943796135,
        0.09995605943796135,
        0.09995605943796135,
        0.10039546505834775,
        0.09995605943796135,
        0.09995605943796135
      ],
      [
        0.09999741222732045,
        0.09999741222732045,
        0.10002328995411595,
        0.09999741222732045,
        0.09999741222732045,
        0.09999741222732045,
        0.09999741222732045,
        0.09999741222732045,
        0.09999741222732045,
        0.09999741222732045
      ],
      [
        0.1582307660449606,
        0.09352991488389326,
        0.09352991488389326,
        0.09352991488389326,
        0.09352991488389326,
        0.09352991488389326,
        0.09352991488389326,
        0.09352991488389326,
        0.09352991488389326,
        0.09352991488389326
      ],
      [
        0.09999419767004127,
        0.10005222096962862,
        0.09999419767004127,
        0.09999419767004127,
        0.09999419767004127,
        0.09999419767004127,
        0.09999419767004127,
        0.09999419767004127,
        0.09999419767004127,
        0.09999419767004127
      ],
      [
        0.10000000000000002,
        0.10000000000000002,
        0.10000000000000002,
        0.10000000000000002,
        0.10000000000000002,
        0.10000000000000002,
        0.10000000000000002,
        0.10000000000000002,
        0.10000000000000002,
        0.10000000000000002
      ],
      [
        0.09839003100823905,
        0.09839003100823905,
        0.09839003100823905,
        0.09839003100823905,
        0.09839003100823905,
        0.09839003100823905,
        0.10346810935503838,
        0.09839003100823905,
        0.10941164257904919,
        0.09839003100823905
      ],
      [
        0.10000000000000002,
        0.10000000000000002,
        0.10000000000000002,
        0.10000000000000002,
        0.10000000000000002,
        0.10000000000000002,
        0.10000000000000002,
        0.10000000000000002,
        0.10000000000000002,
        0.10000000000000002
      ],
      [
        0.10000000000000002,
        0.10000000000000002,
        0.10000000000000002,
        0.10000000000000002,
        0.10000000000000002,
        0.10000000000000002,
        0.10000000000000002,
        0.10000000000000002,
        0.10000000000000002,
        0.10000000000000002
      ]
    ]
  ],
  "metadata": {
    "calibration_temperature": 1.2,
    "recent_metrics": [
      {
        "ts": "2026-01-08T16:28:12.826978+00:00",
        "actual": "1632",
        "top_hit": false,
        "pos_entropy": [
          0.974067008873855,
          0.9759983200238673,
          0.9760561753263929,
          0.9762188609038515
        ],
        "pair_entropy": [
          0.9999999999956568,
          0.9999999999956568,
          0.999999999995657
        ],
        "best_number": "1632"
      },
      {
        "ts": "2026-01-09T15:27:06.751664+00:00",
        "actual": "6551",
        "top_hit": false,
        "pos_entropy": [
          0.988586673888248,
          0.987885273905904,
          0.9891185463409471,
          0.9891834469521609
        ],
        "pair_entropy": [
          0.9999999999956568,
          0.9999999999956568,
          0.9999999999956568
        ],
        "best_number": "6551"
      },
      {
        "ts": "2026-01-12T15:13:03.279137+00:00",
        "actual": "2827",
        "top_hit": false,
        "pos_entropy": [
          0.9890333557433417,
          0.9914185586896114,
          0.9911226698323787,
          0.9917638357769166
        ],
        "pair_entropy": [
          0.9999999999956568,
          0.9999999999956568,
          0.9999999999956568
        ],
        "best_number": "2827"
      },
      {
        "ts": "2026-01-12T15:23:00.834197+00:00",
        "actual": "2827",
        "top_hit": false,
        "pos_entropy": [
          0.9821897883482449,
          0.9831943029203012,
          0.9830370520856159,
          0.9832950204091401
        ],
        "pair_entropy": [
          0.9999999999956568,
          0.9999999999956568,
          0.9999999999956568
        ],
        "best_number": "2827"
      },
      {
        "ts": "2026-01-15T00:00:02.016219+00:00",
        "actual": "2404",
        "top_hit": false,
        "pos_entropy": [
          0.9797156634323234,
          0.9861555053096265,
          0.9853699923816581,
          0.9861982350423645
        ],
        "pair_entropy": [
          0.9999999999956568,
          0.9999999999956568,
          0.999999999995657
        ],
        "best_number": "2404"
      },
      {
        "ts": "2026-02-12T14:49:03.771245+00:00",
        "actual": "5004",
        "top_hit": false,
        "pos_entropy": [
          0.9853342452669769,
          0.9867103364094603,
          0.9809515190905501,
          0.9812345746151342
        ],
        "pair_entropy": [
          0.9999999999956568,
          0.9999999999956568,
          0.9999999999956568
        ],
        "best_number": "5004"
      },
      {
        "ts": "2026-02-13T14:48:09.483801+00:00",
        "actual": "6376",
        "top_hit": false,
        "pos_entropy": [
          0.9860854477136348,
          0.9866767283325354,
          0.9856177919829928,
          0.9856405587657519
        ],
        "pair_entropy": [
          0.9999999999956568,
          0.9999999999956568,
          0.999999999995657
        ],
        "best_number": "6376"
      },
      {
        "ts": "2026-02-16T14:48:09.805458+00:00",
        "actual": "6978",
        "top_hit": false,
        "pos_entropy": [
          0.9811545397673137,
          0.9868772763000901,
          0.9810733599427496,
          0.9865521399996379
        ],
        "pair_entropy": [
          0.9999999999956568,
          0.999999999995657,
          0.9999999999956568
        ],
        "best_number": "6978"
      },
      {
        "ts": "2026-02-17T14:48:39.682062+00:00",
        "actual": "0505",
        "top_hit": false,
        "pos_entropy": [
          0.9856630221817618,
          0.986842601733223,
          0.9838351608504776,
          0.9868056943294131
        ],
        "pair_entropy": [
          0.9999999999956568,
          0.9999999999956568,
          0.9999999999956568
        ],
        "best_number": "0505"
      },
      {
        "ts": "2026-02-18T14:48:40.698034+00:00",
        "actual": "8440",
        "top_hit": false,
        "pos_entropy": [
          0.9865483362728528,
          0.9865367511348959,
          0.9861107305805973,
          0.9868731450389407
        ],
        "pair_entropy": [
          0.9999999999956568,
          0.999999999995657,
          0.9999999999956568
        ],
        "best_number": "8440"
      }
    ],
    "pos_entropy": [
      0.9865483362728528,
      0.9865367511348959,
      0.9861107305805973,
      0.9868731450389407
    ],
    "pair_entropy": [
      0.9999999999956568,
      0.999999999995657,
      0.9999999999956568
    ],
    "top_boxes": [
      [
        "0448",
        0.0009378590255807091
      ],
      [
        "1448",
        0.0006570226955394757
      ],
      [
        "0148",
        0.0005089282149698946
      ],
      [
        "1458",
        0.0005088022636499123
      ],
      [
        "2448",
        0.00040268797174395363
      ],
      [
        "3448",
        0.00040268797174395363
      ],
      [
        "4448",
        0.00040268797174395363
      ],
      [
        "4458",
        0.00040268797174395363
      ],
      [
        "4468",
        0.00040268797174395363
      ],
      [
        "4478",
        0.00040268797174395363
      ],
      [
        "4488",
        0.00040268797174395363
      ],
      [
        "4489",
        0.00040268797174395363
      ],
      [
        "0458",
        0.0003157742911669385
      ],
      [
        "0044",
        0.00029618152364757464
      ],
      [
        "4788",
        0.00027827179895356847
      ]
    ],
    "top_numbers": [
      [
        "8440",
        0.0006812539744661953
      ],
      [
        "8441",
        0.00040268797174395363
      ],
      [
        "8442",
        0.00040268797174395363
      ],
      [
        "8443",
        0.00040268797174395363
      ],
      [
        "8444",
        0.00040268797174395363
      ],
      [
        "8445",
        0.00040268797174395363
      ],
      [
        "8446",
        0.00040268797174395363
      ],
      [
        "8447",
        0.00040268797174395363
      ],
      [
        "8448",
        0.00040268797174395363
      ],
      [
        "8449",
        0.00040268797174395363
      ]
    ]
  }
}