{
  "version": 1,
  "updated_at": "2026-02-27T14:47:26.842287+00:00",
  "events": 64,
  "pos_probs": [
    [
      0.08489684680327149,
      0.10161742751855868,
      0.17420531894416585,
      0.12221385812266619,
      0.08464362967526191,
      0.08467590312608529,
      0.08479404077752954,
      0.08464476034231438,
      0.08514869567479656,
      0.09315951901535027
    ],
    [
      0.12155654125861207,
      0.08713238601326215,
      0.0847616040450205,
      0.08482573705481647,
      0.08893659857104855,
      0.17674811137587745,
      0.08476154936582471,
      0.08476050840987334,
      0.08476995767105874,
      0.10174700623460613
    ],
    [
      0.09272120768211911,
      0.10208719072502076,
      0.08447161400757977,
      0.08446318659282975,
      0.0849648279066513,
      0.08446398574682284,
      0.08546642732738564,
      0.08853854231450266,
      0.17169627211457605,
      0.12112674558251214
    ],
    [
      0.08559636924869012,
      0.08508695299918835,
      0.08508617106665356,
      0.08508617490042344,
      0.08512355609220824,
      0.08718833157589861,
      0.17469283025601706,
      0.08509461223235061,
      0.10535241519469483,
      0.12169258643387508
    ]
  ],
  "pair_probs": [
    [
      [
        0.09999329438374331,
        0.09999329438374331,
        0.09999329438374331,
        0.09999329438374331,
        0.09999329438374331,
        0.1000603505463101,
        0.09999329438374331,
        0.09999329438374331,
        0.09999329438374331,
        0.09999329438374331
      ],
      [
        0.09893303568642785,
        0.09893303568642785,
        0.09893303568642785,
        0.09893303568642785,
        0.09893303568642785,
        0.09893303568642785,
        0.09893311826092588,
        0.09893303568642785,
        0.09893303568642785,
        0.10960259624765116
      ],
      [
        0.09330869719595727,
        0.09330869719595727,
        0.09330869719595727,
        0.09330869719595727,
        0.09544049929509964,
        0.15808818312234224,
        0.09330869719595727,
        0.09330869719595727,
        0.0933104372108571,
        0.09330869719595727
      ],
      [
        0.12304510414088629,
        0.09827792980056996,
        0.09733462075731796,
        0.09733462075731796,
        0.09733462075731796,
        0.09733462075731796,
        0.09733462075731796,
        0.09733462075731796,
        0.09733462075731796,
        0.09733462075731796
      ],
      [
        0.10000000000000002,
        0.10000000000000002,
        0.10000000000000002,
        0.10000000000000002,
        0.10000000000000002,
        0.10000000000000002,
        0.10000000000000002,
        0.10000000000000002,
        0.10000000000000002,
        0.10000000000000002
      ],
      [
        0.10000485258683794,
        0.09999946082368466,
        0.09999946082368466,
        0.09999946082368466,
        0.09999946082368466,
        0.09999946082368466,
        0.09999946082368466,
        0.09999946082368466,
        0.09999946082368466,
        0.09999946082368466
      ],
      [
        0.09999556993183267,
        0.09999556993183267,
        0.09999556993183267,
        0.10000966985061631,
        0.09999556993183267,
        0.09999578620032024,
        0.09999556993183267,
        0.09999556993183267,
        0.09999556993183267,
        0.10002555442623477
      ],
      [
        0.10000000000000002,
        0.10000000000000002,
        0.10000000000000002,
        0.10000000000000002,
        0.10000000000000002,
        0.10000000000000002,
        0.10000000000000002,
        0.10000000000000002,
        0.10000000000000002,
        0.10000000000000002
      ],
      [
        0.09998446098368845,
        0.09998446098368845,
        0.09998446098368845,
        0.09998446098368845,
        0.10013985114680399,
        0.09998446098368845,
        0.09998446098368845,
        0.09998446098368845,
        0.09998446098368845,
        0.09998446098368845
      ],
      [
        0.09950335752826614,
        0.09991502010859733,
        0.09950335752826614,
        0.09950335752826614,
        0.09950335752826614,
        0.10405811966527347,
        0.09950335752826614,
        0.09950335752826614,
        0.09950335752826614,
        0.09950335752826614
      ]
    ],
    [
      [
        0.09743910475527573,
        0.0974330073787582,
        0.0974330073787582,
        0.0974330073787582,
        0.0974330073787582,
        0.0974330073787582,
        0.0974330073787582,
        0.0974330073787582,
        0.0974330073787582,
        0.12309683621465864
      ],
      [
        0.09987287902913035,
        0.10073806512518034,
        0.09987287902913035,
        0.09987287902913035,
        0.09987287902913035,
        0.09987287902913035,
        0.10027890264177673,
        0.09987287902913035,
        0.09987287902913035,
        0.09987287902913035
      ],
      [
        0.10000000000000002,
        0.10000000000000002,
        0.10000000000000002,
        0.10000000000000002,
        0.10000000000000002,
        0.10000000000000002,
        0.10000000000000002,
        0.10000000000000002,
        0.10000000000000002,
        0.10000000000000002
      ],
      [
        0.09999875084275638,
        0.09999875084275638,
        0.09999875084275638,
        0.09999875084275638,
        0.09999875084275638,
        0.09999875084275638,
        0.09999875084275638,
        0.10001124241519259,
        0.09999875084275638,
        0.09999875084275638
      ],
      [
        0.09978971089826531,
        0.09978662762661067,
        0.09978662762661067,
        0.09978662762661067,
        0.0999647056394352,
        0.09978662762661067,
        0.09978662762661067,
        0.1017391900760248,
        0.09978662762661067,
        0.09978662762661067
      ],
      [
        0.0980145262877254,
        0.09301036359942086,
        0.09301036359942086,
        0.09301036359942086,
        0.09301036359942086,
        0.09301059901025138,
        0.09301036359942086,
        0.09301036359942086,
        0.1579023295060773,
        0.09301036359942086
      ],
      [
        0.09999999277644483,
        0.09999999277644483,
        0.09999999277644483,
        0.10000006501199643,
        0.09999999277644483,
        0.09999999277644483,
        0.09999999277644483,
        0.09999999277644483,
        0.09999999277644483,
        0.09999999277644483
      ],
      [
        0.10000000000000002,
        0.10000000000000002,
        0.10000000000000002,
        0.10000000000000002,
        0.10000000000000002,
        0.10000000000000002,
        0.10000000000000002,
        0.10000000000000002,
        0.10000000000000002,
        0.10000000000000002
      ],
      [
        0.09999987748459267,
        0.09999987748459267,
        0.100001102638666,
        0.09999987748459267,
        0.09999987748459267,
        0.09999987748459267,
        0.09999987748459267,
        0.09999987748459267,
        0.09999987748459267,
        0.09999987748459267
      ],
      [
        0.09892955883483875,
        0.10960089237523823,
        0.09892955883483875,
        0.09892955883483875,
        0.09892955883483875,
        0.09892955883483875,
        0.09892955883483875,
        0.09896263694605179,
        0.09892955883483875,
        0.09892955883483875
      ]
    ],
    [
      [
        0.09953780037217326,
        0.09953780037217326,
        0.09953780037217326,
        0.09953780037217326,
        0.09954677145982613,
        0.09961526496423101,
        0.09953780037217326,
        0.09953780037217326,
        0.10407336097072992,
        0.09953780037217326
      ],
      [
        0.09883258407806852,
        0.09883258407806852,
        0.09883258407806852,
        0.09883258407806852,
        0.09883258407806852,
        0.09978359331135254,
        0.09883258407806852,
        0.09883258407806852,
        0.10955573406409932,
        0.09883258407806852
      ],
      [
        0.09999987748459266,
        0.09999987748459266,
        0.09999987748459266,
        0.09999987748459266,
        0.09999987748459266,
        0.09999987748459266,
        0.09999987748459266,
        0.10000110263866599,
        0.09999987748459266,
        0.09999987748459266
      ],
      [
        0.09999999277644483,
        0.09999999277644483,
        0.10000006501199643,
        0.09999999277644483,
        0.09999999277644483,
        0.09999999277644483,
        0.09999999277644483,
        0.09999999277644483,
        0.09999999277644483,
        0.09999999277644483
      ],
      [
        0.10013985114680399,
        0.09998446098368845,
        0.09998446098368845,
        0.09998446098368845,
        0.09998446098368845,
        0.09998446098368845,
        0.09998446098368845,
        0.09998446098368845,
        0.09998446098368845,
        0.09998446098368845
      ],
      [
        0.09999998380472246,
        0.10000014575749773,
        0.09999998380472246,
        0.09999998380472246,
        0.09999998380472246,
        0.09999998380472246,
        0.09999998380472246,
        0.09999998380472246,
        0.09999998380472246,
        0.09999998380472246
      ],
      [
        0.09996397952867049,
        0.09996397952867049,
        0.09996397952867049,
        0.09996397952867049,
        0.09996397952867049,
        0.09996397952867049,
        0.10032418424196578,
        0.09996397952867049,
        0.09996397952867049,
        0.09996397952867049
      ],
      [
        0.09980138011065232,
        0.09980138011065232,
        0.09980138011065232,
        0.09980138011065232,
        0.09980138011065232,
        0.09980138011065232,
        0.10175313238458243,
        0.09980138011065232,
        0.09983582673019889,
        0.09980138011065232
      ],
      [
        0.09352991488389327,
        0.09352991488389327,
        0.09352991488389327,
        0.09352991488389327,
        0.09352991488389327,
        0.09352991488389327,
        0.1582307660449606,
        0.09352991488389327,
        0.09352991488389327,
        0.09352991488389327
      ],
      [
        0.09743364677793669,
        0.09743364677793669,
        0.09743364677793669,
        0.09743364677793669,
        0.09743364677793669,
        0.09743364677793669,
        0.09743364677793669,
        0.09743364677793669,
        0.09743364677793669,
        0.12309717899856983
      ]
    ]
  ],
  "metadata": {
    "calibration_temperature": 1.2,
    "recent_metrics": [
      {
        "ts": "2026-01-08T16:28:12.826978+00:00",
        "actual": "1632",
        "top_hit": false,
        "pos_entropy": [
          0.974067008873855,
          0.9759983200238673,
          0.9760561753263929,
          0.9762188609038515
        ],
        "pair_entropy": [
          0.9999999999956568,
          0.9999999999956568,
          0.999999999995657
        ],
        "best_number": "1632"
      },
      {
        "ts": "2026-01-09T15:27:06.751664+00:00",
        "actual": "6551",
        "top_hit": false,
        "pos_entropy": [
          0.988586673888248,
          0.987885273905904,
          0.9891185463409471,
          0.9891834469521609
        ],
        "pair_entropy": [
          0.9999999999956568,
          0.9999999999956568,
          0.9999999999956568
        ],
        "best_number": "6551"
      },
      {
        "ts": "2026-01-12T15:13:03.279137+00:00",
        "actual": "2827",
        "top_hit": false,
        "pos_entropy": [
          0.9890333557433417,
          0.9914185586896114,
          0.9911226698323787,
          0.9917638357769166
        ],
        "pair_entropy": [
          0.9999999999956568,
          0.9999999999956568,
          0.9999999999956568
        ],
        "best_number": "2827"
      },
      {
        "ts": "2026-01-12T15:23:00.834197+00:00",
        "actual": "2827",
        "top_hit": false,
        "pos_entropy": [
          0.9821897883482449,
          0.9831943029203012,
          0.9830370520856159,
          0.9832950204091401
        ],
        "pair_entropy": [
          0.9999999999956568,
          0.9999999999956568,
          0.9999999999956568
        ],
        "best_number": "2827"
      },
      {
        "ts": "2026-01-15T00:00:02.016219+00:00",
        "actual": "2404",
        "top_hit": false,
        "pos_entropy": [
          0.9797156634323234,
          0.9861555053096265,
          0.9853699923816581,
          0.9861982350423645
        ],
        "pair_entropy": [
          0.9999999999956568,
          0.9999999999956568,
          0.999999999995657
        ],
        "best_number": "2404"
      },
      {
        "ts": "2026-02-12T14:49:03.771245+00:00",
        "actual": "5004",
        "top_hit": false,
        "pos_entropy": [
          0.9853342452669769,
          0.9867103364094603,
          0.9809515190905501,
          0.9812345746151342
        ],
        "pair_entropy": [
          0.9999999999956568,
          0.9999999999956568,
          0.9999999999956568
        ],
        "best_number": "5004"
      },
      {
        "ts": "2026-02-13T14:48:09.483801+00:00",
        "actual": "6376",
        "top_hit": false,
        "pos_entropy": [
          0.9860854477136348,
          0.9866767283325354,
          0.9856177919829928,
          0.9856405587657519
        ],
        "pair_entropy": [
          0.9999999999956568,
          0.9999999999956568,
          0.999999999995657
        ],
        "best_number": "6376"
      },
      {
        "ts": "2026-02-16T14:48:09.805458+00:00",
        "actual": "6978",
        "top_hit": false,
        "pos_entropy": [
          0.9811545397673137,
          0.9868772763000901,
          0.9810733599427496,
          0.9865521399996379
        ],
        "pair_entropy": [
          0.9999999999956568,
          0.999999999995657,
          0.9999999999956568
        ],
        "best_number": "6978"
      },
      {
        "ts": "2026-02-17T14:48:39.682062+00:00",
        "actual": "0505",
        "top_hit": false,
        "pos_entropy": [
          0.9856630221817618,
          0.986842601733223,
          0.9838351608504776,
          0.9868056943294131
        ],
        "pair_entropy": [
          0.9999999999956568,
          0.9999999999956568,
          0.9999999999956568
        ],
        "best_number": "0505"
      },
      {
        "ts": "2026-02-18T14:48:40.698034+00:00",
        "actual": "8440",
        "top_hit": false,
        "pos_entropy": [
          0.9865483362728528,
          0.9865367511348959,
          0.9861107305805973,
          0.9868731450389407
        ],
        "pair_entropy": [
          0.9999999999956568,
          0.999999999995657,
          0.9999999999956568
        ],
        "best_number": "8440"
      },
      {
        "ts": "2026-02-19T14:48:46.699390+00:00",
        "actual": "9166",
        "top_hit": false,
        "pos_entropy": [
          0.986800609323371,
          0.98686134448653,
          0.9866484895433995,
          0.9861492041913885
        ],
        "pair_entropy": [
          0.9999999999956568,
          0.9999999999956568,
          0.999999999995657
        ],
        "best_number": "9166"
      },
      {
        "ts": "2026-02-20T14:47:45.486757+00:00",
        "actual": "3115",
        "top_hit": false,
        "pos_entropy": [
          0.9868940505294236,
          0.9814041161436883,
          0.986836970652086,
          0.9852240338964626
        ],
        "pair_entropy": [
          0.9999999999956568,
          0.9999999999956568,
          0.9999999999956568
        ],
        "best_number": "3115"
      },
      {
        "ts": "2026-02-23T14:48:50.971808+00:00",
        "actual": "2476",
        "top_hit": false,
        "pos_entropy": [
          0.9868733415179247,
          0.9842149258829745,
          0.9864453111975308,
          0.9835099644954374
        ],
        "pair_entropy": [
          0.9999999999956568,
          0.999999999995657,
          0.999999999995657
        ],
        "best_number": "2476"
      },
      {
        "ts": "2026-02-24T14:49:16.268091+00:00",
        "actual": "9508",
        "top_hit": false,
        "pos_entropy": [
          0.9854005912668967,
          0.9858325844440918,
          0.9864159833847039,
          0.9859338109077286
        ],
        "pair_entropy": [
          0.9999999999956568,
          0.9999999999956568,
          0.999999999995657
        ],
        "best_number": "9508"
      },
      {
        "ts": "2026-02-25T14:49:01.665952+00:00",
        "actual": "1918",
        "top_hit": false,
        "pos_entropy": [
          0.9865900102238058,
          0.9865138489651416,
          0.9852815026926505,
          0.9811342962198916
        ],
        "pair_entropy": [
          0.9999999999956568,
          0.9999999999956568,
          0.999999999995657
        ],
        "best_number": "1918"
      },
      {
        "ts": "2026-02-26T14:48:48.862491+00:00",
        "actual": "3099",
        "top_hit": false,
        "pos_entropy": [
          0.9860655657033265,
          0.9867964459546907,
          0.9865524314212643,
          0.9856701568363376
        ],
        "pair_entropy": [
          0.999999999995657,
          0.9999999999956568,
          0.9999999999956568
        ],
        "best_number": "3099"
      },
      {
        "ts": "2026-02-27T14:47:26.842260+00:00",
        "actual": "2586",
        "top_hit": false,
        "pos_entropy": [
          0.9859474642622159,
          0.9853546426898115,
          0.9868377469789965,
          0.9857107057525215
        ],
        "pair_entropy": [
          0.9999999999956568,
          0.9999999999956568,
          0.9999999999956568
        ],
        "best_number": "2586"
      }
    ],
    "pos_entropy": [
      0.9859474642622159,
      0.9853546426898115,
      0.9868377469789965,
      0.9857107057525215
    ],
    "pair_entropy": [
      0.9999999999956568,
      0.9999999999956568,
      0.9999999999956568
    ],
    "top_boxes": [
      [
        "2568",
        0.0006880821426247122
      ],
      [
        "0258",
        0.0006876493836949701
      ],
      [
        "1258",
        0.000687349681382276
      ],
      [
        "2258",
        0.00040672408938808826
      ],
      [
        "2358",
        0.00040672408938808826
      ],
      [
        "2458",
        0.00040672408938808826
      ],
      [
        "2558",
        0.00040672408938808826
      ],
      [
        "2578",
        0.00040672408938808826
      ],
      [
        "2588",
        0.00040672408938808826
      ],
      [
        "2589",
        0.00040672408938808826
      ],
      [
        "2599",
        0.0003153118275769745
      ],
      [
        "3568",
        0.00029721263171045016
      ],
      [
        "0255",
        0.00026889155271352387
      ],
      [
        "0245",
        0.00026870666815033135
      ],
      [
        "0025",
        0.0002686824524873065
      ]
    ],
    "top_numbers": [
      [
        "2586",
        0.0006880821426247122
      ],
      [
        "2580",
        0.00040672408938808826
      ],
      [
        "2581",
        0.00040672408938808826
      ],
      [
        "2582",
        0.00040672408938808826
      ],
      [
        "2583",
        0.00040672408938808826
      ],
      [
        "2584",
        0.00040672408938808826
      ],
      [
        "2585",
        0.00040672408938808826
      ],
      [
        "2587",
        0.00040672408938808826
      ],
      [
        "2588",
        0.00040672408938808826
      ],
      [
        "2589",
        0.00040672408938808826
      ]
    ]
  }
}