{
  "version": 1,
  "updated_at": "2026-02-24T14:49:16.268118+00:00",
  "events": 61,
  "pos_probs": [
    [
      0.08666531958534412,
      0.08467653414575181,
      0.12155184992180046,
      0.10164760335478677,
      0.08466844333549021,
      0.08492084543962604,
      0.08585000835293834,
      0.08467727563164205,
      0.08868936141163954,
      0.1766527588209807
    ],
    [
      0.08537329720652659,
      0.10545167068054741,
      0.08512545400824553,
      0.0856294998447119,
      0.12345646801010852,
      0.17339719538060308,
      0.08512502529831369,
      0.0851168640628199,
      0.08519097094625838,
      0.08613355456186496
    ],
    [
      0.17294909992135413,
      0.10145088246705702,
      0.08459499026649708,
      0.08452911032446145,
      0.08852425040874573,
      0.08453535578488186,
      0.09267194228961097,
      0.12170238169436669,
      0.08452099342151256,
      0.08452099342151256
    ],
    [
      0.08902914763983048,
      0.08498338719506086,
      0.08497729457379151,
      0.08497732444469133,
      0.08526898824744171,
      0.10270072909904583,
      0.12530579487921212,
      0.08504308484889322,
      0.1727453217849693,
      0.08496892728706361
    ]
  ],
  "pair_probs": [
    [
      [
        0.09991643933652246,
        0.09991643933652246,
        0.09991643933652246,
        0.09991643933652246,
        0.09991643933652246,
        0.10075204597129762,
        0.09991643933652246,
        0.09991643933652246,
        0.09991643933652246,
        0.09991643933652246
      ],
      [
        0.09999991017751665,
        0.09999991017751665,
        0.09999991017751665,
        0.09999991017751665,
        0.09999991017751665,
        0.09999991017751665,
        0.10000080840235005,
        0.09999991017751665,
        0.09999991017751665,
        0.09999991017751665
      ],
      [
        0.09742969172383764,
        0.09742969172383764,
        0.09742969172383764,
        0.09742969172383764,
        0.12311341144597224,
        0.09742969172383764,
        0.09742969172383764,
        0.09742969172383764,
        0.09744905476332673,
        0.09742969172383764
      ],
      [
        0.09893304438681713,
        0.10960260051864575,
        0.09893304438681713,
        0.09893304438681713,
        0.09893304438681713,
        0.09893304438681713,
        0.09893304438681713,
        0.09893304438681713,
        0.09893304438681713,
        0.09893304438681713
      ],
      [
        0.10000000000000002,
        0.10000000000000002,
        0.10000000000000002,
        0.10000000000000002,
        0.10000000000000002,
        0.10000000000000002,
        0.10000000000000002,
        0.10000000000000002,
        0.10000000000000002,
        0.10000000000000002
      ],
      [
        0.1000603505463101,
        0.09999329438374331,
        0.09999329438374331,
        0.09999329438374331,
        0.09999329438374331,
        0.09999329438374331,
        0.09999329438374331,
        0.09999329438374331,
        0.09999329438374331,
        0.09999329438374331
      ],
      [
        0.09994487867915747,
        0.09994487867915747,
        0.09994487867915747,
        0.1001202426762428,
        0.09994487867915747,
        0.09994756696958028,
        0.09994487867915747,
        0.09994487867915747,
        0.09994487867915747,
        0.1003180396000745
      ],
      [
        0.10000000000000002,
        0.10000000000000002,
        0.10000000000000002,
        0.10000000000000002,
        0.10000000000000002,
        0.10000000000000002,
        0.10000000000000002,
        0.10000000000000002,
        0.10000000000000002,
        0.10000000000000002
      ],
      [
        0.09980581740198713,
        0.09980581740198713,
        0.09980581740198713,
        0.09980581740198713,
        0.1017476433821159,
        0.09980581740198713,
        0.09980581740198713,
        0.09980581740198713,
        0.09980581740198713,
        0.09980581740198713
      ],
      [
        0.0930147676848728,
        0.09797683771258522,
        0.0930147676848728,
        0.0930147676848728,
        0.0930147676848728,
        0.15790502080843238,
        0.0930147676848728,
        0.0930147676848728,
        0.0930147676848728,
        0.0930147676848728
      ]
    ],
    [
      [
        0.1000603505463101,
        0.09999329438374331,
        0.09999329438374331,
        0.09999329438374331,
        0.09999329438374331,
        0.09999329438374331,
        0.09999329438374331,
        0.09999329438374331,
        0.09999329438374331,
        0.09999329438374331
      ],
      [
        0.09839003100823907,
        0.10941164257904921,
        0.09839003100823907,
        0.09839003100823907,
        0.09839003100823907,
        0.09839003100823907,
        0.10346810935503838,
        0.09839003100823907,
        0.09839003100823907,
        0.09839003100823907
      ],
      [
        0.10000000000000002,
        0.10000000000000002,
        0.10000000000000002,
        0.10000000000000002,
        0.10000000000000002,
        0.10000000000000002,
        0.10000000000000002,
        0.10000000000000002,
        0.10000000000000002,
        0.10000000000000002
      ],
      [
        0.09998446098368845,
        0.09998446098368845,
        0.09998446098368845,
        0.09998446098368845,
        0.09998446098368845,
        0.09998446098368845,
        0.09998446098368845,
        0.10013985114680396,
        0.09998446098368845,
        0.09998446098368845
      ],
      [
        0.09723717327795679,
        0.09719953076829727,
        0.09719953076829727,
        0.09719953076829727,
        0.09938893386933222,
        0.09719953076829727,
        0.09719953076829727,
        0.12297717747463004,
        0.09719953076829727,
        0.09719953076829727
      ],
      [
        0.1587913945027787,
        0.09346733982915487,
        0.09346733982915487,
        0.09346733982915487,
        0.09346733982915487,
        0.09346988686398243,
        0.09346733982915487,
        0.09346733982915487,
        0.09346733982915487,
        0.09346733982915487
      ],
      [
        0.09999991017751665,
        0.09999991017751665,
        0.09999991017751665,
        0.10000080840235007,
        0.09999991017751665,
        0.09999991017751665,
        0.09999991017751665,
        0.09999991017751665,
        0.09999991017751665,
        0.09999991017751665
      ],
      [
        0.10000000000000002,
        0.10000000000000002,
        0.10000000000000002,
        0.10000000000000002,
        0.10000000000000002,
        0.10000000000000002,
        0.10000000000000002,
        0.10000000000000002,
        0.10000000000000002,
        0.10000000000000002
      ],
      [
        0.09999847650591043,
        0.09999847650591043,
        0.10001371144680642,
        0.09999847650591043,
        0.09999847650591043,
        0.09999847650591043,
        0.09999847650591043,
        0.09999847650591043,
        0.09999847650591043,
        0.09999847650591043
      ],
      [
        0.09996397952867049,
        0.09996397952867049,
        0.09996397952867049,
        0.09996397952867049,
        0.09996397952867049,
        0.09996397952867049,
        0.09996397952867049,
        0.10032418424196578,
        0.09996397952867049,
        0.09996397952867049
      ]
    ],
    [
      [
        0.09342313150059008,
        0.09342313150059008,
        0.09342313150059008,
        0.09342313150059008,
        0.09352981943929291,
        0.0943469202210366,
        0.09342313150059008,
        0.09342313150059008,
        0.15816133983553982,
        0.09342313150059008
      ],
      [
        0.09893304438681712,
        0.09893304438681712,
        0.09893304438681712,
        0.09893304438681712,
        0.09893304438681712,
        0.10960260051864572,
        0.09893304438681712,
        0.09893304438681712,
        0.09893304438681712,
        0.09893304438681712
      ],
      [
        0.09999847650591043,
        0.09999847650591043,
        0.09999847650591043,
        0.09999847650591043,
        0.09999847650591043,
        0.09999847650591043,
        0.09999847650591043,
        0.10001371144680642,
        0.09999847650591043,
        0.09999847650591043
      ],
      [
        0.09999991017751665,
        0.09999991017751665,
        0.10000080840235005,
        0.09999991017751665,
        0.09999991017751665,
        0.09999991017751665,
        0.09999991017751665,
        0.09999991017751665,
        0.09999991017751665,
        0.09999991017751665
      ],
      [
        0.10174764338211591,
        0.09980581740198713,
        0.09980581740198713,
        0.09980581740198713,
        0.09980581740198713,
        0.09980581740198713,
        0.09980581740198713,
        0.09980581740198713,
        0.09980581740198713,
        0.09980581740198713
      ],
      [
        0.09999979861658362,
        0.10000181245074749,
        0.09999979861658362,
        0.09999979861658362,
        0.09999979861658362,
        0.09999979861658362,
        0.09999979861658362,
        0.09999979861658362,
        0.09999979861658362,
        0.09999979861658362
      ],
      [
        0.0995469293476583,
        0.0995469293476583,
        0.0995469293476583,
        0.0995469293476583,
        0.0995469293476583,
        0.0995469293476583,
        0.10407763587107534,
        0.0995469293476583,
        0.0995469293476583,
        0.0995469293476583
      ],
      [
        0.0973782686484924,
        0.0973782686484924,
        0.0973782686484924,
        0.0973782686484924,
        0.0973782686484924,
        0.0973782686484924,
        0.12317401346448603,
        0.0973782686484924,
        0.0977998373475747,
        0.0973782686484924
      ],
      [
        0.10000000000000002,
        0.10000000000000002,
        0.10000000000000002,
        0.10000000000000002,
        0.10000000000000002,
        0.10000000000000002,
        0.10000000000000002,
        0.10000000000000002,
        0.10000000000000002,
        0.10000000000000002
      ],
      [
        0.10000000000000002,
        0.10000000000000002,
        0.10000000000000002,
        0.10000000000000002,
        0.10000000000000002,
        0.10000000000000002,
        0.10000000000000002,
        0.10000000000000002,
        0.10000000000000002,
        0.10000000000000002
      ]
    ]
  ],
  "metadata": {
    "calibration_temperature": 1.2,
    "recent_metrics": [
      {
        "ts": "2026-01-08T16:28:12.826978+00:00",
        "actual": "1632",
        "top_hit": false,
        "pos_entropy": [
          0.974067008873855,
          0.9759983200238673,
          0.9760561753263929,
          0.9762188609038515
        ],
        "pair_entropy": [
          0.9999999999956568,
          0.9999999999956568,
          0.999999999995657
        ],
        "best_number": "1632"
      },
      {
        "ts": "2026-01-09T15:27:06.751664+00:00",
        "actual": "6551",
        "top_hit": false,
        "pos_entropy": [
          0.988586673888248,
          0.987885273905904,
          0.9891185463409471,
          0.9891834469521609
        ],
        "pair_entropy": [
          0.9999999999956568,
          0.9999999999956568,
          0.9999999999956568
        ],
        "best_number": "6551"
      },
      {
        "ts": "2026-01-12T15:13:03.279137+00:00",
        "actual": "2827",
        "top_hit": false,
        "pos_entropy": [
          0.9890333557433417,
          0.9914185586896114,
          0.9911226698323787,
          0.9917638357769166
        ],
        "pair_entropy": [
          0.9999999999956568,
          0.9999999999956568,
          0.9999999999956568
        ],
        "best_number": "2827"
      },
      {
        "ts": "2026-01-12T15:23:00.834197+00:00",
        "actual": "2827",
        "top_hit": false,
        "pos_entropy": [
          0.9821897883482449,
          0.9831943029203012,
          0.9830370520856159,
          0.9832950204091401
        ],
        "pair_entropy": [
          0.9999999999956568,
          0.9999999999956568,
          0.9999999999956568
        ],
        "best_number": "2827"
      },
      {
        "ts": "2026-01-15T00:00:02.016219+00:00",
        "actual": "2404",
        "top_hit": false,
        "pos_entropy": [
          0.9797156634323234,
          0.9861555053096265,
          0.9853699923816581,
          0.9861982350423645
        ],
        "pair_entropy": [
          0.9999999999956568,
          0.9999999999956568,
          0.999999999995657
        ],
        "best_number": "2404"
      },
      {
        "ts": "2026-02-12T14:49:03.771245+00:00",
        "actual": "5004",
        "top_hit": false,
        "pos_entropy": [
          0.9853342452669769,
          0.9867103364094603,
          0.9809515190905501,
          0.9812345746151342
        ],
        "pair_entropy": [
          0.9999999999956568,
          0.9999999999956568,
          0.9999999999956568
        ],
        "best_number": "5004"
      },
      {
        "ts": "2026-02-13T14:48:09.483801+00:00",
        "actual": "6376",
        "top_hit": false,
        "pos_entropy": [
          0.9860854477136348,
          0.9866767283325354,
          0.9856177919829928,
          0.9856405587657519
        ],
        "pair_entropy": [
          0.9999999999956568,
          0.9999999999956568,
          0.999999999995657
        ],
        "best_number": "6376"
      },
      {
        "ts": "2026-02-16T14:48:09.805458+00:00",
        "actual": "6978",
        "top_hit": false,
        "pos_entropy": [
          0.9811545397673137,
          0.9868772763000901,
          0.9810733599427496,
          0.9865521399996379
        ],
        "pair_entropy": [
          0.9999999999956568,
          0.999999999995657,
          0.9999999999956568
        ],
        "best_number": "6978"
      },
      {
        "ts": "2026-02-17T14:48:39.682062+00:00",
        "actual": "0505",
        "top_hit": false,
        "pos_entropy": [
          0.9856630221817618,
          0.986842601733223,
          0.9838351608504776,
          0.9868056943294131
        ],
        "pair_entropy": [
          0.9999999999956568,
          0.9999999999956568,
          0.9999999999956568
        ],
        "best_number": "0505"
      },
      {
        "ts": "2026-02-18T14:48:40.698034+00:00",
        "actual": "8440",
        "top_hit": false,
        "pos_entropy": [
          0.9865483362728528,
          0.9865367511348959,
          0.9861107305805973,
          0.9868731450389407
        ],
        "pair_entropy": [
          0.9999999999956568,
          0.999999999995657,
          0.9999999999956568
        ],
        "best_number": "8440"
      },
      {
        "ts": "2026-02-19T14:48:46.699390+00:00",
        "actual": "9166",
        "top_hit": false,
        "pos_entropy": [
          0.986800609323371,
          0.98686134448653,
          0.9866484895433995,
          0.9861492041913885
        ],
        "pair_entropy": [
          0.9999999999956568,
          0.9999999999956568,
          0.999999999995657
        ],
        "best_number": "9166"
      },
      {
        "ts": "2026-02-20T14:47:45.486757+00:00",
        "actual": "3115",
        "top_hit": false,
        "pos_entropy": [
          0.9868940505294236,
          0.9814041161436883,
          0.986836970652086,
          0.9852240338964626
        ],
        "pair_entropy": [
          0.9999999999956568,
          0.9999999999956568,
          0.9999999999956568
        ],
        "best_number": "3115"
      },
      {
        "ts": "2026-02-23T14:48:50.971808+00:00",
        "actual": "2476",
        "top_hit": false,
        "pos_entropy": [
          0.9868733415179247,
          0.9842149258829745,
          0.9864453111975308,
          0.9835099644954374
        ],
        "pair_entropy": [
          0.9999999999956568,
          0.999999999995657,
          0.999999999995657
        ],
        "best_number": "2476"
      },
      {
        "ts": "2026-02-24T14:49:16.268091+00:00",
        "actual": "9508",
        "top_hit": false,
        "pos_entropy": [
          0.9854005912668967,
          0.9858325844440918,
          0.9864159833847039,
          0.9859338109077286
        ],
        "pair_entropy": [
          0.9999999999956568,
          0.9999999999956568,
          0.999999999995657
        ],
        "best_number": "9508"
      }
    ],
    "pos_entropy": [
      0.9854005912668967,
      0.9858325844440918,
      0.9864159833847039,
      0.9859338109077286
    ],
    "pair_entropy": [
      0.9999999999956568,
      0.9999999999956568,
      0.999999999995657
    ],
    "top_boxes": [
      [
        "0589",
        0.0009612784375694373
      ],
      [
        "0459",
        0.0006795570951554015
      ],
      [
        "0559",
        0.0006786264522141692
      ],
      [
        "1559",
        0.0005464901193039009
      ],
      [
        "0059",
        0.00041380691785540254
      ],
      [
        "0159",
        0.00041380691785540254
      ],
      [
        "0259",
        0.00041380691785540254
      ],
      [
        "0359",
        0.00041380691785540254
      ],
      [
        "0569",
        0.00041380691785540254
      ],
      [
        "0579",
        0.00041380691785540254
      ],
      [
        "0599",
        0.00041380691785540254
      ],
      [
        "5679",
        0.0003211406917363598
      ],
      [
        "0258",
        0.0002974268689887886
      ],
      [
        "5669",
        0.00027135239843068773
      ],
      [
        "0189",
        0.00026933653907213585
      ]
    ],
    "top_numbers": [
      [
        "9508",
        0.0007005572978552131
      ],
      [
        "9505",
        0.00041789873277337224
      ],
      [
        "9504",
        0.00041427947969718457
      ],
      [
        "9500",
        0.00041380691785540254
      ],
      [
        "9501",
        0.00041380691785540254
      ],
      [
        "9502",
        0.00041380691785540254
      ],
      [
        "9503",
        0.00041380691785540254
      ],
      [
        "9506",
        0.00041380691785540254
      ],
      [
        "9507",
        0.00041380691785540254
      ],
      [
        "9509",
        0.00041380691785540254
      ]
    ]
  }
}