{
  "version": 1,
  "updated_at": "2026-03-02T14:47:58.081396+00:00",
  "events": 65,
  "pos_probs": [
    [
      0.08463939479941016,
      0.09269121400971726,
      0.12201256198945515,
      0.1018013643587723,
      0.08451204680326085,
      0.08452828758650137,
      0.08458771284662728,
      0.1717591583514512,
      0.0847658800596182,
      0.08870237919518625
    ],
    [
      0.10155163830065525,
      0.08578094828511089,
      0.08459586711986325,
      0.08462812609143218,
      0.08667282093786997,
      0.12295782151447482,
      0.1718394633846274,
      0.08459531591590702,
      0.08460006964358936,
      0.09277792880646993
    ],
    [
      0.08845095879342545,
      0.09286592193270529,
      0.171635755712567,
      0.08438283360915766,
      0.08463508230036852,
      0.08438323601278278,
      0.08488662023640169,
      0.08641248811798065,
      0.12105375278167367,
      0.10129335050293736
    ],
    [
      0.08632941588499102,
      0.08606999290848368,
      0.08606959415220938,
      0.08606959610729241,
      0.08608865721194157,
      0.0871355487243842,
      0.19709201626407924,
      0.08607389874035777,
      0.0958906665056403,
      0.1031806135006204
    ]
  ],
  "pair_probs": [
    [
      [
        0.09999710589181823,
        0.09999710589181823,
        0.09999710589181823,
        0.09999710589181823,
        0.09999710589181823,
        0.10002604697363579,
        0.09999710589181823,
        0.09999710589181823,
        0.09999710589181823,
        0.09999710589181823
      ],
      [
        0.09954692556848573,
        0.09954692556848573,
        0.09954692556848573,
        0.09954692556848573,
        0.09954692556848573,
        0.09954692556848573,
        0.09954696136603937,
        0.09954692556848573,
        0.09954692556848573,
        0.10407763408607494
      ],
      [
        0.09733446515355257,
        0.09733446515355257,
        0.09733446515355257,
        0.09733446515355257,
        0.09827848267707742,
        0.12304502213666164,
        0.09733446515355257,
        0.09733446515355257,
        0.09733523911139287,
        0.09733446515355257
      ],
      [
        0.10958177360862674,
        0.09930065566611428,
        0.09888969634065736,
        0.09888969634065736,
        0.09888969634065736,
        0.09888969634065736,
        0.09888969634065736,
        0.09888969634065736,
        0.09888969634065736,
        0.09888969634065736
      ],
      [
        0.10000000000000002,
        0.10000000000000002,
        0.10000000000000002,
        0.10000000000000002,
        0.10000000000000002,
        0.10000000000000002,
        0.10000000000000002,
        0.10000000000000002,
        0.10000000000000002,
        0.10000000000000002
      ],
      [
        0.10000209455567706,
        0.09999976727159142,
        0.09999976727159142,
        0.09999976727159142,
        0.09999976727159142,
        0.09999976727159142,
        0.09999976727159142,
        0.09999976727159142,
        0.09999976727159142,
        0.09999976727159142
      ],
      [
        0.09999808786305678,
        0.09999808786305678,
        0.09999808786305678,
        0.10000417389750242,
        0.09999808786305678,
        0.0999981812149242,
        0.09999808786305678,
        0.09999808786305678,
        0.09999808786305678,
        0.10001102984617596
      ],
      [
        0.09352991488389327,
        0.09352991488389327,
        0.09352991488389327,
        0.09352991488389327,
        0.09352991488389327,
        0.09352991488389327,
        0.1582307660449606,
        0.09352991488389327,
        0.09352991488389327,
        0.09352991488389327
      ],
      [
        0.09999329438374331,
        0.09999329438374331,
        0.09999329438374331,
        0.09999329438374331,
        0.1000603505463101,
        0.09999329438374331,
        0.09999329438374331,
        0.09999329438374331,
        0.09999329438374331,
        0.09999329438374331
      ],
      [
        0.09978697234651693,
        0.09996487104416127,
        0.09978697234651693,
        0.09978697234651693,
        0.09978697234651693,
        0.10173935018370339,
        0.09978697234651693,
        0.09978697234651693,
        0.09978697234651693,
        0.09978697234651693
      ]
    ],
    [
      [
        0.0989354244304117,
        0.09893276407934895,
        0.09893276407934895,
        0.09893276407934895,
        0.09893276407934895,
        0.09893276407934895,
        0.09893276407934895,
        0.09893276407934895,
        0.09893276407934895,
        0.1096024629347968
      ],
      [
        0.09994517982343086,
        0.10031817792440902,
        0.09994517982343086,
        0.09994517982343086,
        0.09994517982343086,
        0.09994517982343086,
        0.10012038348814406,
        0.09994517982343086,
        0.09994517982343086,
        0.09994517982343086
      ],
      [
        0.10000000000000002,
        0.10000000000000002,
        0.10000000000000002,
        0.10000000000000002,
        0.10000000000000002,
        0.10000000000000002,
        0.10000000000000002,
        0.10000000000000002,
        0.10000000000000002,
        0.10000000000000002
      ],
      [
        0.09999946082368466,
        0.09999946082368466,
        0.09999946082368466,
        0.09999946082368466,
        0.09999946082368466,
        0.09999946082368466,
        0.09999946082368466,
        0.10000485258683796,
        0.09999946082368466,
        0.09999946082368466
      ],
      [
        0.09990948113513874,
        0.09990814914501071,
        0.09990814914501071,
        0.09990814914501071,
        0.09998505305728148,
        0.09990814914501071,
        0.09990814914501071,
        0.1007484217925048,
        0.09990814914501071,
        0.09990814914501071
      ],
      [
        0.09940740127387523,
        0.09720175380673796,
        0.09720175380673796,
        0.09720175380673796,
        0.09720175380673796,
        0.09720185864936673,
        0.09720175380673796,
        0.09720175380673796,
        0.12297846342959244,
        0.09720175380673796
      ],
      [
        0.09352991133615328,
        0.09352991133615328,
        0.1582307637257141,
        0.0935299455850597,
        0.09352991133615328,
        0.09352991133615328,
        0.09352991133615328,
        0.09352991133615328,
        0.09352991133615328,
        0.09352991133615328
      ],
      [
        0.10000000000000002,
        0.10000000000000002,
        0.10000000000000002,
        0.10000000000000002,
        0.10000000000000002,
        0.10000000000000002,
        0.10000000000000002,
        0.10000000000000002,
        0.10000000000000002,
        0.10000000000000002
      ],
      [
        0.09999994711747592,
        0.09999994711747592,
        0.10000047594271672,
        0.09999994711747592,
        0.09999994711747592,
        0.09999994711747592,
        0.09999994711747592,
        0.09999994711747592,
        0.09999994711747592,
        0.09999994711747592
      ],
      [
        0.09954541541331491,
        0.10407692206298341,
        0.09954541541331491,
        0.09954541541331491,
        0.09954541541331491,
        0.09954541541331491,
        0.09954541541331491,
        0.0995597546304974,
        0.09954541541331491,
        0.09954541541331491
      ]
    ],
    [
      [
        0.09980186693398377,
        0.09980186693398377,
        0.09980186693398377,
        0.09980186693398377,
        0.0998057463384648,
        0.09983536069577424,
        0.09980186693398377,
        0.09980186693398377,
        0.10174582442787457,
        0.09980186693398377
      ],
      [
        0.09950335752826614,
        0.09950335752826614,
        0.09950335752826614,
        0.09950335752826614,
        0.09950335752826614,
        0.09991502010859733,
        0.09950335752826614,
        0.09950335752826614,
        0.10405811966527347,
        0.09950335752826614
      ],
      [
        0.09352985471241787,
        0.09352985471241787,
        0.09352985471241787,
        0.09352985471241787,
        0.09352985471241787,
        0.09352985471241787,
        0.15823072670950106,
        0.09353043559115612,
        0.09352985471241787,
        0.09352985471241787
      ],
      [
        0.0999999968820205,
        0.0999999968820205,
        0.10000002806181557,
        0.0999999968820205,
        0.0999999968820205,
        0.0999999968820205,
        0.0999999968820205,
        0.0999999968820205,
        0.0999999968820205,
        0.0999999968820205
      ],
      [
        0.1000603505463101,
        0.09999329438374331,
        0.09999329438374331,
        0.09999329438374331,
        0.09999329438374331,
        0.09999329438374331,
        0.09999329438374331,
        0.09999329438374331,
        0.09999329438374331,
        0.09999329438374331
      ],
      [
        0.0999999930094621,
        0.10000006291484125,
        0.0999999930094621,
        0.0999999930094621,
        0.0999999930094621,
        0.0999999930094621,
        0.0999999930094621,
        0.0999999930094621,
        0.0999999930094621,
        0.0999999930094621
      ],
      [
        0.09998446098368845,
        0.09998446098368845,
        0.09998446098368845,
        0.09998446098368845,
        0.09998446098368845,
        0.09998446098368845,
        0.10013985114680396,
        0.09998446098368845,
        0.09998446098368845,
        0.09998446098368845
      ],
      [
        0.0999145244217671,
        0.0999145244217671,
        0.0999145244217671,
        0.0999145244217671,
        0.0999145244217671,
        0.0999145244217671,
        0.10075440087799914,
        0.0999145244217671,
        0.09992940374786419,
        0.0999145244217671
      ],
      [
        0.09743364677793669,
        0.09743364677793669,
        0.09743364677793669,
        0.09743364677793669,
        0.09743364677793669,
        0.09743364677793669,
        0.12309717899856985,
        0.09743364677793669,
        0.09743364677793669,
        0.09743364677793669
      ],
      [
        0.09893304438681713,
        0.09893304438681713,
        0.09893304438681713,
        0.09893304438681713,
        0.09893304438681713,
        0.09893304438681713,
        0.09893304438681713,
        0.09893304438681713,
        0.09893304438681713,
        0.10960260051864575
      ]
    ]
  ],
  "metadata": {
    "calibration_temperature": 1.2,
    "recent_metrics": [
      {
        "ts": "2026-01-08T16:28:12.826978+00:00",
        "actual": "1632",
        "top_hit": false,
        "pos_entropy": [
          0.974067008873855,
          0.9759983200238673,
          0.9760561753263929,
          0.9762188609038515
        ],
        "pair_entropy": [
          0.9999999999956568,
          0.9999999999956568,
          0.999999999995657
        ],
        "best_number": "1632"
      },
      {
        "ts": "2026-01-09T15:27:06.751664+00:00",
        "actual": "6551",
        "top_hit": false,
        "pos_entropy": [
          0.988586673888248,
          0.987885273905904,
          0.9891185463409471,
          0.9891834469521609
        ],
        "pair_entropy": [
          0.9999999999956568,
          0.9999999999956568,
          0.9999999999956568
        ],
        "best_number": "6551"
      },
      {
        "ts": "2026-01-12T15:13:03.279137+00:00",
        "actual": "2827",
        "top_hit": false,
        "pos_entropy": [
          0.9890333557433417,
          0.9914185586896114,
          0.9911226698323787,
          0.9917638357769166
        ],
        "pair_entropy": [
          0.9999999999956568,
          0.9999999999956568,
          0.9999999999956568
        ],
        "best_number": "2827"
      },
      {
        "ts": "2026-01-12T15:23:00.834197+00:00",
        "actual": "2827",
        "top_hit": false,
        "pos_entropy": [
          0.9821897883482449,
          0.9831943029203012,
          0.9830370520856159,
          0.9832950204091401
        ],
        "pair_entropy": [
          0.9999999999956568,
          0.9999999999956568,
          0.9999999999956568
        ],
        "best_number": "2827"
      },
      {
        "ts": "2026-01-15T00:00:02.016219+00:00",
        "actual": "2404",
        "top_hit": false,
        "pos_entropy": [
          0.9797156634323234,
          0.9861555053096265,
          0.9853699923816581,
          0.9861982350423645
        ],
        "pair_entropy": [
          0.9999999999956568,
          0.9999999999956568,
          0.999999999995657
        ],
        "best_number": "2404"
      },
      {
        "ts": "2026-02-12T14:49:03.771245+00:00",
        "actual": "5004",
        "top_hit": false,
        "pos_entropy": [
          0.9853342452669769,
          0.9867103364094603,
          0.9809515190905501,
          0.9812345746151342
        ],
        "pair_entropy": [
          0.9999999999956568,
          0.9999999999956568,
          0.9999999999956568
        ],
        "best_number": "5004"
      },
      {
        "ts": "2026-02-13T14:48:09.483801+00:00",
        "actual": "6376",
        "top_hit": false,
        "pos_entropy": [
          0.9860854477136348,
          0.9866767283325354,
          0.9856177919829928,
          0.9856405587657519
        ],
        "pair_entropy": [
          0.9999999999956568,
          0.9999999999956568,
          0.999999999995657
        ],
        "best_number": "6376"
      },
      {
        "ts": "2026-02-16T14:48:09.805458+00:00",
        "actual": "6978",
        "top_hit": false,
        "pos_entropy": [
          0.9811545397673137,
          0.9868772763000901,
          0.9810733599427496,
          0.9865521399996379
        ],
        "pair_entropy": [
          0.9999999999956568,
          0.999999999995657,
          0.9999999999956568
        ],
        "best_number": "6978"
      },
      {
        "ts": "2026-02-17T14:48:39.682062+00:00",
        "actual": "0505",
        "top_hit": false,
        "pos_entropy": [
          0.9856630221817618,
          0.986842601733223,
          0.9838351608504776,
          0.9868056943294131
        ],
        "pair_entropy": [
          0.9999999999956568,
          0.9999999999956568,
          0.9999999999956568
        ],
        "best_number": "0505"
      },
      {
        "ts": "2026-02-18T14:48:40.698034+00:00",
        "actual": "8440",
        "top_hit": false,
        "pos_entropy": [
          0.9865483362728528,
          0.9865367511348959,
          0.9861107305805973,
          0.9868731450389407
        ],
        "pair_entropy": [
          0.9999999999956568,
          0.999999999995657,
          0.9999999999956568
        ],
        "best_number": "8440"
      },
      {
        "ts": "2026-02-19T14:48:46.699390+00:00",
        "actual": "9166",
        "top_hit": false,
        "pos_entropy": [
          0.986800609323371,
          0.98686134448653,
          0.9866484895433995,
          0.9861492041913885
        ],
        "pair_entropy": [
          0.9999999999956568,
          0.9999999999956568,
          0.999999999995657
        ],
        "best_number": "9166"
      },
      {
        "ts": "2026-02-20T14:47:45.486757+00:00",
        "actual": "3115",
        "top_hit": false,
        "pos_entropy": [
          0.9868940505294236,
          0.9814041161436883,
          0.986836970652086,
          0.9852240338964626
        ],
        "pair_entropy": [
          0.9999999999956568,
          0.9999999999956568,
          0.9999999999956568
        ],
        "best_number": "3115"
      },
      {
        "ts": "2026-02-23T14:48:50.971808+00:00",
        "actual": "2476",
        "top_hit": false,
        "pos_entropy": [
          0.9868733415179247,
          0.9842149258829745,
          0.9864453111975308,
          0.9835099644954374
        ],
        "pair_entropy": [
          0.9999999999956568,
          0.999999999995657,
          0.999999999995657
        ],
        "best_number": "2476"
      },
      {
        "ts": "2026-02-24T14:49:16.268091+00:00",
        "actual": "9508",
        "top_hit": false,
        "pos_entropy": [
          0.9854005912668967,
          0.9858325844440918,
          0.9864159833847039,
          0.9859338109077286
        ],
        "pair_entropy": [
          0.9999999999956568,
          0.9999999999956568,
          0.999999999995657
        ],
        "best_number": "9508"
      },
      {
        "ts": "2026-02-25T14:49:01.665952+00:00",
        "actual": "1918",
        "top_hit": false,
        "pos_entropy": [
          0.9865900102238058,
          0.9865138489651416,
          0.9852815026926505,
          0.9811342962198916
        ],
        "pair_entropy": [
          0.9999999999956568,
          0.9999999999956568,
          0.999999999995657
        ],
        "best_number": "1918"
      },
      {
        "ts": "2026-02-26T14:48:48.862491+00:00",
        "actual": "3099",
        "top_hit": false,
        "pos_entropy": [
          0.9860655657033265,
          0.9867964459546907,
          0.9865524314212643,
          0.9856701568363376
        ],
        "pair_entropy": [
          0.999999999995657,
          0.9999999999956568,
          0.9999999999956568
        ],
        "best_number": "3099"
      },
      {
        "ts": "2026-02-27T14:47:26.842260+00:00",
        "actual": "2586",
        "top_hit": false,
        "pos_entropy": [
          0.9859474642622159,
          0.9853546426898115,
          0.9868377469789965,
          0.9857107057525215
        ],
        "pair_entropy": [
          0.9999999999956568,
          0.9999999999956568,
          0.9999999999956568
        ],
        "best_number": "2586"
      },
      {
        "ts": "2026-03-02T14:47:58.081369+00:00",
        "actual": "7626",
        "top_hit": false,
        "pos_entropy": [
          0.9867022655915806,
          0.9865702470632144,
          0.98692061978212,
          0.9810184878048818
        ],
        "pair_entropy": [
          0.999999999995657,
          0.9999999999956568,
          0.9999999999956568
        ],
        "best_number": "7626"
      }
    ],
    "pos_entropy": [
      0.9867022655915806,
      0.9865702470632144,
      0.98692061978212,
      0.9810184878048818
    ],
    "pair_entropy": [
      0.999999999995657,
      0.9999999999956568,
      0.9999999999956568
    ],
    "top_boxes": [
      [
        "2667",
        0.0006804443008227047
      ],
      [
        "2678",
        0.0006564020673436378
      ],
      [
        "2367",
        0.0006564010754971353
      ],
      [
        "2677",
        0.00040221171434236865
      ],
      [
        "0267",
        0.00040220921637225166
      ],
      [
        "1267",
        0.00040220921637225166
      ],
      [
        "2267",
        0.00040220921637225166
      ],
      [
        "2467",
        0.00040220921637225166
      ],
      [
        "2567",
        0.00040220921637225166
      ],
      [
        "2679",
        0.00040220921637225166
      ],
      [
        "6678",
        0.0003129028054413477
      ],
      [
        "2266",
        0.00029733972825938566
      ],
      [
        "6799",
        0.0002786007077087446
      ],
      [
        "1678",
        0.0002645070978644753
      ],
      [
        "0678",
        0.00025862943541374447
      ]
    ],
    "top_numbers": [
      [
        "7626",
        0.0006804443008227047
      ],
      [
        "7627",
        0.00040221171434236865
      ],
      [
        "7620",
        0.00040220921637225166
      ],
      [
        "7621",
        0.00040220921637225166
      ],
      [
        "7622",
        0.00040220921637225166
      ],
      [
        "7623",
        0.00040220921637225166
      ],
      [
        "7624",
        0.00040220921637225166
      ],
      [
        "7625",
        0.00040220921637225166
      ],
      [
        "7628",
        0.00040220921637225166
      ],
      [
        "7629",
        0.00040220921637225166
      ]
    ]
  }
}