{
  "version": 1,
  "updated_at": "2026-02-19T14:48:46.699428+00:00",
  "events": 58,
  "pos_probs": [
    [
      0.10146147807639734,
      0.08471287779838543,
      0.08586219798294373,
      0.08464968510368931,
      0.08464968510368931,
      0.08663925476493879,
      0.09429540912662136,
      0.08471867104421348,
      0.12120551421380532,
      0.17180522678531582
    ],
    [
      0.08637542395593654,
      0.17164406173301325,
      0.08443908440243332,
      0.08841501441326227,
      0.12147424085723897,
      0.10135367373370684,
      0.08443576594386026,
      0.08437261361977647,
      0.0849474743775715,
      0.09254264696320051
    ],
    [
      0.10247534156451804,
      0.08482938841590419,
      0.08541092285932675,
      0.08489302031023321,
      0.12134453765198358,
      0.08494200764980402,
      0.17197375534323459,
      0.09447224937318746,
      0.08482938841590419,
      0.08482938841590419
    ],
    [
      0.1213027118259478,
      0.08465893483622956,
      0.08461156766979926,
      0.08461179984879147,
      0.08690374283753463,
      0.10147217749750102,
      0.17407725021230688,
      0.08512419999263288,
      0.09269106397628145,
      0.08454655130297502
    ]
  ],
  "pair_probs": [
    [
      [
        0.09893304438681712,
        0.09893304438681712,
        0.09893304438681712,
        0.09893304438681712,
        0.09893304438681712,
        0.10960260051864572,
        0.09893304438681712,
        0.09893304438681712,
        0.09893304438681712,
        0.09893304438681712
      ],
      [
        0.09999888305809218,
        0.09999888305809218,
        0.09999888305809218,
        0.09999888305809218,
        0.09999888305809218,
        0.09999888305809218,
        0.10001005247717029,
        0.09999888305809218,
        0.09999888305809218,
        0.09999888305809218
      ],
      [
        0.09994104357896325,
        0.09994104357896325,
        0.09994104357896325,
        0.09994104357896325,
        0.10031763592032306,
        0.09994104357896325,
        0.09994104357896325,
        0.09994104357896325,
        0.10015401544797105,
        0.09994104357896325
      ],
      [
        0.10000000000000002,
        0.10000000000000002,
        0.10000000000000002,
        0.10000000000000002,
        0.10000000000000002,
        0.10000000000000002,
        0.10000000000000002,
        0.10000000000000002,
        0.10000000000000002,
        0.10000000000000002
      ],
      [
        0.10000000000000002,
        0.10000000000000002,
        0.10000000000000002,
        0.10000000000000002,
        0.10000000000000002,
        0.10000000000000002,
        0.10000000000000002,
        0.10000000000000002,
        0.10000000000000002,
        0.10000000000000002
      ],
      [
        0.10075204597129765,
        0.09991643933652249,
        0.09991643933652249,
        0.09991643933652249,
        0.09991643933652249,
        0.09991643933652249,
        0.09991643933652249,
        0.09991643933652249,
        0.09991643933652249,
        0.09991643933652249
      ],
      [
        0.0993091639996402,
        0.0993091639996402,
        0.0993091639996402,
        0.10149532170070949,
        0.0993091639996402,
        0.09934244667651057,
        0.0993091639996402,
        0.0993091639996402,
        0.0993091639996402,
        0.10399808362529843
      ],
      [
        0.10000000000000002,
        0.10000000000000002,
        0.10000000000000002,
        0.10000000000000002,
        0.10000000000000002,
        0.10000000000000002,
        0.10000000000000002,
        0.10000000000000002,
        0.10000000000000002,
        0.10000000000000002
      ],
      [
        0.0974336467779367,
        0.0974336467779367,
        0.0974336467779367,
        0.0974336467779367,
        0.12309717899856983,
        0.0974336467779367,
        0.0974336467779367,
        0.0974336467779367,
        0.0974336467779367,
        0.0974336467779367
      ],
      [
        0.09352991488389326,
        0.1582307660449606,
        0.09352991488389326,
        0.09352991488389326,
        0.09352991488389326,
        0.09352991488389326,
        0.09352991488389326,
        0.09352991488389326,
        0.09352991488389326,
        0.09352991488389326
      ]
    ],
    [
      [
        0.10075204597129765,
        0.09991643933652249,
        0.09991643933652249,
        0.09991643933652249,
        0.09991643933652249,
        0.09991643933652249,
        0.09991643933652249,
        0.09991643933652249,
        0.09991643933652249,
        0.09991643933652249
      ],
      [
        0.09352991488389327,
        0.09352991488389327,
        0.09352991488389327,
        0.09352991488389327,
        0.09352991488389327,
        0.09352991488389327,
        0.1582307660449606,
        0.09352991488389327,
        0.09352991488389327,
        0.09352991488389327
      ],
      [
        0.10000000000000002,
        0.10000000000000002,
        0.10000000000000002,
        0.10000000000000002,
        0.10000000000000002,
        0.10000000000000002,
        0.10000000000000002,
        0.10000000000000002,
        0.10000000000000002,
        0.10000000000000002
      ],
      [
        0.09980581740198713,
        0.09980581740198713,
        0.09980581740198713,
        0.09980581740198713,
        0.09980581740198713,
        0.09980581740198713,
        0.09980581740198713,
        0.10174764338211591,
        0.09980581740198713,
        0.09980581740198713
      ],
      [
        0.09779797962843613,
        0.0973909435340537,
        0.0973909435340537,
        0.0973909435340537,
        0.1230744720991345,
        0.0973909435340537,
        0.0973909435340537,
        0.0973909435340537,
        0.0973909435340537,
        0.0973909435340537
      ],
      [
        0.10960112209758209,
        0.09893002828725175,
        0.09893002828725175,
        0.09893002828725175,
        0.09893002828725175,
        0.09895865160440388,
        0.09893002828725175,
        0.09893002828725175,
        0.09893002828725175,
        0.09893002828725175
      ],
      [
        0.09999888305809218,
        0.09999888305809218,
        0.09999888305809218,
        0.10001005247717029,
        0.09999888305809218,
        0.09999888305809218,
        0.09999888305809218,
        0.09999888305809218,
        0.09999888305809218,
        0.09999888305809218
      ],
      [
        0.10000000000000002,
        0.10000000000000002,
        0.10000000000000002,
        0.10000000000000002,
        0.10000000000000002,
        0.10000000000000002,
        0.10000000000000002,
        0.10000000000000002,
        0.10000000000000002,
        0.10000000000000002
      ],
      [
        0.09998104668191404,
        0.09998104668191404,
        0.1001705798627736,
        0.09998104668191404,
        0.09998104668191404,
        0.09998104668191404,
        0.09998104668191404,
        0.09998104668191404,
        0.09998104668191404,
        0.09998104668191404
      ],
      [
        0.09954692934765828,
        0.09954692934765828,
        0.09954692934765828,
        0.09954692934765828,
        0.09954692934765828,
        0.09954692934765828,
        0.09954692934765828,
        0.10407763587107534,
        0.09954692934765828,
        0.09954692934765828
      ]
    ],
    [
      [
        0.09880587252561686,
        0.09880587252561686,
        0.09880587252561686,
        0.09880587252561686,
        0.10000890887701983,
        0.10954411091804521,
        0.09880587252561686,
        0.09880587252561686,
        0.09880587252561686,
        0.09880587252561686
      ],
      [
        0.10000000000000002,
        0.10000000000000002,
        0.10000000000000002,
        0.10000000000000002,
        0.10000000000000002,
        0.10000000000000002,
        0.10000000000000002,
        0.10000000000000002,
        0.10000000000000002,
        0.10000000000000002
      ],
      [
        0.09998104668191404,
        0.09998104668191404,
        0.09998104668191404,
        0.09998104668191404,
        0.09998104668191404,
        0.09998104668191404,
        0.09998104668191404,
        0.10017057986277361,
        0.09998104668191404,
        0.09998104668191404
      ],
      [
        0.09999888305809218,
        0.09999888305809218,
        0.1000100524771703,
        0.09999888305809218,
        0.09999888305809218,
        0.09999888305809218,
        0.09999888305809218,
        0.09999888305809218,
        0.09999888305809218,
        0.09999888305809218
      ],
      [
        0.12309717899856983,
        0.09743364677793669,
        0.09743364677793669,
        0.09743364677793669,
        0.09743364677793669,
        0.09743364677793669,
        0.09743364677793669,
        0.09743364677793669,
        0.09743364677793669,
        0.09743364677793669
      ],
      [
        0.0999974957094464,
        0.10002253861498238,
        0.0999974957094464,
        0.0999974957094464,
        0.0999974957094464,
        0.0999974957094464,
        0.0999974957094464,
        0.0999974957094464,
        0.0999974957094464,
        0.0999974957094464
      ],
      [
        0.09352991488389327,
        0.09352991488389327,
        0.09352991488389327,
        0.09352991488389327,
        0.09352991488389327,
        0.09352991488389327,
        0.1582307660449606,
        0.09352991488389327,
        0.09352991488389327,
        0.09352991488389327
      ],
      [
        0.09931288472704862,
        0.09931288472704862,
        0.09931288472704862,
        0.09931288472704862,
        0.09931288472704862,
        0.09931288472704862,
        0.10149708204535413,
        0.09931288472704862,
        0.10399984013825696,
        0.09931288472704862
      ],
      [
        0.10000000000000002,
        0.10000000000000002,
        0.10000000000000002,
        0.10000000000000002,
        0.10000000000000002,
        0.10000000000000002,
        0.10000000000000002,
        0.10000000000000002,
        0.10000000000000002,
        0.10000000000000002
      ],
      [
        0.10000000000000002,
        0.10000000000000002,
        0.10000000000000002,
        0.10000000000000002,
        0.10000000000000002,
        0.10000000000000002,
        0.10000000000000002,
        0.10000000000000002,
        0.10000000000000002,
        0.10000000000000002
      ]
    ]
  ],
  "metadata": {
    "calibration_temperature": 1.2,
    "recent_metrics": [
      {
        "ts": "2026-01-08T16:28:12.826978+00:00",
        "actual": "1632",
        "top_hit": false,
        "pos_entropy": [
          0.974067008873855,
          0.9759983200238673,
          0.9760561753263929,
          0.9762188609038515
        ],
        "pair_entropy": [
          0.9999999999956568,
          0.9999999999956568,
          0.999999999995657
        ],
        "best_number": "1632"
      },
      {
        "ts": "2026-01-09T15:27:06.751664+00:00",
        "actual": "6551",
        "top_hit": false,
        "pos_entropy": [
          0.988586673888248,
          0.987885273905904,
          0.9891185463409471,
          0.9891834469521609
        ],
        "pair_entropy": [
          0.9999999999956568,
          0.9999999999956568,
          0.9999999999956568
        ],
        "best_number": "6551"
      },
      {
        "ts": "2026-01-12T15:13:03.279137+00:00",
        "actual": "2827",
        "top_hit": false,
        "pos_entropy": [
          0.9890333557433417,
          0.9914185586896114,
          0.9911226698323787,
          0.9917638357769166
        ],
        "pair_entropy": [
          0.9999999999956568,
          0.9999999999956568,
          0.9999999999956568
        ],
        "best_number": "2827"
      },
      {
        "ts": "2026-01-12T15:23:00.834197+00:00",
        "actual": "2827",
        "top_hit": false,
        "pos_entropy": [
          0.9821897883482449,
          0.9831943029203012,
          0.9830370520856159,
          0.9832950204091401
        ],
        "pair_entropy": [
          0.9999999999956568,
          0.9999999999956568,
          0.9999999999956568
        ],
        "best_number": "2827"
      },
      {
        "ts": "2026-01-15T00:00:02.016219+00:00",
        "actual": "2404",
        "top_hit": false,
        "pos_entropy": [
          0.9797156634323234,
          0.9861555053096265,
          0.9853699923816581,
          0.9861982350423645
        ],
        "pair_entropy": [
          0.9999999999956568,
          0.9999999999956568,
          0.999999999995657
        ],
        "best_number": "2404"
      },
      {
        "ts": "2026-02-12T14:49:03.771245+00:00",
        "actual": "5004",
        "top_hit": false,
        "pos_entropy": [
          0.9853342452669769,
          0.9867103364094603,
          0.9809515190905501,
          0.9812345746151342
        ],
        "pair_entropy": [
          0.9999999999956568,
          0.9999999999956568,
          0.9999999999956568
        ],
        "best_number": "5004"
      },
      {
        "ts": "2026-02-13T14:48:09.483801+00:00",
        "actual": "6376",
        "top_hit": false,
        "pos_entropy": [
          0.9860854477136348,
          0.9866767283325354,
          0.9856177919829928,
          0.9856405587657519
        ],
        "pair_entropy": [
          0.9999999999956568,
          0.9999999999956568,
          0.999999999995657
        ],
        "best_number": "6376"
      },
      {
        "ts": "2026-02-16T14:48:09.805458+00:00",
        "actual": "6978",
        "top_hit": false,
        "pos_entropy": [
          0.9811545397673137,
          0.9868772763000901,
          0.9810733599427496,
          0.9865521399996379
        ],
        "pair_entropy": [
          0.9999999999956568,
          0.999999999995657,
          0.9999999999956568
        ],
        "best_number": "6978"
      },
      {
        "ts": "2026-02-17T14:48:39.682062+00:00",
        "actual": "0505",
        "top_hit": false,
        "pos_entropy": [
          0.9856630221817618,
          0.986842601733223,
          0.9838351608504776,
          0.9868056943294131
        ],
        "pair_entropy": [
          0.9999999999956568,
          0.9999999999956568,
          0.9999999999956568
        ],
        "best_number": "0505"
      },
      {
        "ts": "2026-02-18T14:48:40.698034+00:00",
        "actual": "8440",
        "top_hit": false,
        "pos_entropy": [
          0.9865483362728528,
          0.9865367511348959,
          0.9861107305805973,
          0.9868731450389407
        ],
        "pair_entropy": [
          0.9999999999956568,
          0.999999999995657,
          0.9999999999956568
        ],
        "best_number": "8440"
      },
      {
        "ts": "2026-02-19T14:48:46.699390+00:00",
        "actual": "9166",
        "top_hit": false,
        "pos_entropy": [
          0.986800609323371,
          0.98686134448653,
          0.9866484895433995,
          0.9861492041913885
        ],
        "pair_entropy": [
          0.9999999999956568,
          0.9999999999956568,
          0.999999999995657
        ],
        "best_number": "9166"
      }
    ],
    "pos_entropy": [
      0.986800609323371,
      0.98686134448653,
      0.9866484895433995,
      0.9861492041913885
    ],
    "pair_entropy": [
      0.9999999999956568,
      0.9999999999956568,
      0.999999999995657
    ],
    "top_boxes": [
      [
        "1669",
        0.000680626985570731
      ],
      [
        "1679",
        0.000660383721268944
      ],
      [
        "1169",
        0.0006565772422201049
      ],
      [
        "0149",
        0.0005672692767923952
      ],
      [
        "1159",
        0.0005085770715749015
      ],
      [
        "0169",
        0.0004023173597606352
      ],
      [
        "1269",
        0.0004023173597606352
      ],
      [
        "1369",
        0.0004023173597606352
      ],
      [
        "1469",
        0.0004023173597606352
      ],
      [
        "1569",
        0.0004023173597606352
      ],
      [
        "1689",
        0.0004023173597606352
      ],
      [
        "1699",
        0.0004023173597606352
      ],
      [
        "1668",
        0.00029567404138990474
      ],
      [
        "0159",
        0.00027852672766149277
      ],
      [
        "1789",
        0.00026442987129356843
      ]
    ],
    "top_numbers": [
      [
        "9166",
        0.000680626985570731
      ],
      [
        "9160",
        0.0004023173597606352
      ],
      [
        "9161",
        0.0004023173597606352
      ],
      [
        "9162",
        0.0004023173597606352
      ],
      [
        "9163",
        0.0004023173597606352
      ],
      [
        "9164",
        0.0004023173597606352
      ],
      [
        "9165",
        0.0004023173597606352
      ],
      [
        "9167",
        0.0004023173597606352
      ],
      [
        "9168",
        0.0004023173597606352
      ],
      [
        "9169",
        0.0004023173597606352
      ]
    ]
  }
}