{
  "version": 1,
  "updated_at": "2026-03-04T14:47:23.642426+00:00",
  "events": 67,
  "pos_probs": [
    [
      0.08444988857474016,
      0.08642659977464401,
      0.09274258039047983,
      0.0885231811231404,
      0.08441758997999893,
      0.08442171093104174,
      0.08443678484514285,
      0.10134792335631809,
      0.1717115158228907,
      0.12152222520160327
    ],
    [
      0.12299492613107853,
      0.08493052218660045,
      0.0846307557010196,
      0.08463895427379148,
      0.172167036957124,
      0.09313939916039393,
      0.10159209172065534,
      0.08463061559435427,
      0.08463182389009993,
      0.08664387438488269
    ],
    [
      0.1726272897497754,
      0.08689544649751542,
      0.10183243383402976,
      0.08480138021412308,
      0.0848657213323058,
      0.08480148296204669,
      0.08492974810299897,
      0.08531533399421828,
      0.12508406169799915,
      0.08884710161498728
    ],
    [
      0.08500332884481707,
      0.08493829840690165,
      0.08493819834408188,
      0.08493819883468591,
      0.17202744234258538,
      0.08520453837309708,
      0.1052171371276867,
      0.12145938642769742,
      0.08731031443371957,
      0.0889631568647273
    ]
  ],
  "pair_probs": [
    [
      [
        0.09999946082368465,
        0.09999946082368465,
        0.09999946082368465,
        0.09999946082368465,
        0.09999946082368465,
        0.10000485258683794,
        0.09999946082368465,
        0.09999946082368465,
        0.09999946082368465,
        0.09999946082368465
      ],
      [
        0.09991643862974815,
        0.09991643862974815,
        0.09991643862974815,
        0.09991643862974815,
        0.09991643862974815,
        0.09991643862974815,
        0.0999164453166351,
        0.09991643862974815,
        0.09991643862974815,
        0.10075204564537964
      ],
      [
        0.09952808289730773,
        0.09952808289730773,
        0.09952808289730773,
        0.09952808289730773,
        0.09970625922099612,
        0.10406893112210636,
        0.09952808289730773,
        0.09952808289730773,
        0.09952822937574338,
        0.09952808289730773
      ],
      [
        0.10174394687892518,
        0.09987464486207225,
        0.09979767603237531,
        0.09979767603237531,
        0.09979767603237531,
        0.09979767603237531,
        0.09979767603237531,
        0.09979767603237531,
        0.09979767603237531,
        0.09979767603237531
      ],
      [
        0.10000000000000002,
        0.10000000000000002,
        0.10000000000000002,
        0.10000000000000002,
        0.10000000000000002,
        0.10000000000000002,
        0.10000000000000002,
        0.10000000000000002,
        0.10000000000000002,
        0.10000000000000002
      ],
      [
        0.10000039024220433,
        0.09999995663975508,
        0.09999995663975508,
        0.09999995663975508,
        0.09999995663975508,
        0.09999995663975508,
        0.09999995663975508,
        0.09999995663975508,
        0.09999995663975508,
        0.09999995663975508
      ],
      [
        0.09999964374978634,
        0.09999964374978634,
        0.09999964374978634,
        0.10000077765366118,
        0.09999964374978634,
        0.09999966114269603,
        0.09999964374978634,
        0.09999964374978634,
        0.09999964374978634,
        0.10000205495513821
      ],
      [
        0.09893304438681713,
        0.09893304438681713,
        0.09893304438681713,
        0.09893304438681713,
        0.09893304438681713,
        0.09893304438681713,
        0.10960260051864576,
        0.09893304438681713,
        0.09893304438681713,
        0.09893304438681713
      ],
      [
        0.09352898569028724,
        0.09352898569028724,
        0.09352898569028724,
        0.09352898569028724,
        0.15823912878741486,
        0.09352898569028724,
        0.09352898569028724,
        0.09352898569028724,
        0.09352898569028724,
        0.09352898569028724
      ],
      [
        0.12307223785189843,
        0.09742428696030409,
        0.09738677394704179,
        0.09738677394704179,
        0.09738677394704179,
        0.0977960575585048,
        0.09738677394704179,
        0.09738677394704179,
        0.09738677394704179,
        0.09738677394704179
      ]
    ],
    [
      [
        0.09720420661266822,
        0.09720364210458614,
        0.09720364210458614,
        0.09720364210458614,
        0.09720364210458614,
        0.09720364210458614,
        0.09720364210458614,
        0.09720364210458614,
        0.12297938190197075,
        0.09939091675325808
      ],
      [
        0.0999897920555363,
        0.1000592347454766,
        0.0999897920555363,
        0.0999897920555363,
        0.0999897920555363,
        0.0999897920555363,
        0.1000224288102329,
        0.0999897920555363,
        0.0999897920555363,
        0.0999897920555363
      ],
      [
        0.10000000000000002,
        0.10000000000000002,
        0.10000000000000002,
        0.10000000000000002,
        0.10000000000000002,
        0.10000000000000002,
        0.10000000000000002,
        0.10000000000000002,
        0.10000000000000002,
        0.10000000000000002
      ],
      [
        0.09999989954533561,
        0.09999989954533561,
        0.09999989954533561,
        0.09999989954533561,
        0.09999989954533561,
        0.09999989954533561,
        0.09999989954533561,
        0.10000090409197937,
        0.09999989954533561,
        0.09999989954533561
      ],
      [
        0.15821825626436947,
        0.09351048596047806,
        0.09351048596047806,
        0.09351048596047806,
        0.09352622950207744,
        0.09351048596047806,
        0.09351048596047806,
        0.09368211251020672,
        0.09351048596047806,
        0.09351048596047806
      ],
      [
        0.09991809900152511,
        0.09950298964539998,
        0.09950298964539998,
        0.09950298964539998,
        0.09950298964539998,
        0.09950300950316554,
        0.09950298964539998,
        0.09950298964539998,
        0.10405796397750951,
        0.09950298964539998
      ],
      [
        0.0989330436871272,
        0.0989330436871272,
        0.10960260017516874,
        0.09893305032781341,
        0.0989330436871272,
        0.0989330436871272,
        0.0989330436871272,
        0.0989330436871272,
        0.0989330436871272,
        0.0989330436871272
      ],
      [
        0.10000000000000002,
        0.10000000000000002,
        0.10000000000000002,
        0.10000000000000002,
        0.10000000000000002,
        0.10000000000000002,
        0.10000000000000002,
        0.10000000000000002,
        0.10000000000000002,
        0.10000000000000002
      ],
      [
        0.09999999014727687,
        0.09999999014727687,
        0.10000008867450817,
        0.09999999014727687,
        0.09999999014727687,
        0.09999999014727687,
        0.09999999014727687,
        0.09999999014727687,
        0.09999999014727687,
        0.09999999014727687
      ],
      [
        0.09991615621224455,
        0.10075191564874882,
        0.09991615621224455,
        0.09991615621224455,
        0.09991615621224455,
        0.09991615621224455,
        0.09991615621224455,
        0.09991883465329478,
        0.09991615621224455,
        0.09991615621224455
      ]
    ],
    [
      [
        0.09348812210285155,
        0.09348812210285155,
        0.09348812210285155,
        0.09348812210285155,
        0.15820403452014706,
        0.09349498406211622,
        0.09348812210285155,
        0.09348812210285155,
        0.09388412669777593,
        0.09348812210285155
      ],
      [
        0.0999082981240607,
        0.0999082981240607,
        0.0999082981240607,
        0.0999082981240607,
        0.0999082981240607,
        0.09998512452028031,
        0.0999082981240607,
        0.0999082981240607,
        0.10074849048723421,
        0.0999082981240607
      ],
      [
        0.09893303251973519,
        0.09893303251973519,
        0.09893303251973519,
        0.09893303251973519,
        0.09893303251973519,
        0.09893303251973519,
        0.1096025946931404,
        0.0989331451489781,
        0.09893303251973519,
        0.09893303251973519
      ],
      [
        0.09999999941907797,
        0.09999999941907797,
        0.10000000522829833,
        0.09999999941907797,
        0.09999999941907797,
        0.09999999941907797,
        0.09999999941907797,
        0.09999999941907797,
        0.09999999941907797,
        0.09999999941907797
      ],
      [
        0.10001124241519257,
        0.09999875084275638,
        0.09999875084275638,
        0.09999875084275638,
        0.09999875084275638,
        0.09999875084275638,
        0.09999875084275638,
        0.09999875084275638,
        0.09999875084275638,
        0.09999875084275638
      ],
      [
        0.09999999869756772,
        0.10000001172189052,
        0.09999999869756772,
        0.09999999869756772,
        0.09999999869756772,
        0.09999999869756772,
        0.09999999869756772,
        0.09999999869756772,
        0.09999999869756772,
        0.09999999869756772
      ],
      [
        0.09999710589181823,
        0.09999710589181823,
        0.09999710589181823,
        0.09999710589181823,
        0.09999710589181823,
        0.09999710589181823,
        0.10002604697363579,
        0.09999710589181823,
        0.09999710589181823,
        0.09999710589181823
      ],
      [
        0.09998410425548195,
        0.09998410425548195,
        0.09998410425548195,
        0.09998410425548195,
        0.09998410425548195,
        0.09998410425548195,
        0.10014028824768188,
        0.09998410425548195,
        0.09998687770846257,
        0.09998410425548195
      ],
      [
        0.09689785277107497,
        0.09689785277107497,
        0.09689785277107497,
        0.09689785277107497,
        0.09689785277107497,
        0.09689785277107497,
        0.10197696755133924,
        0.12284021028006091,
        0.09689785277107497,
        0.09689785277107497
      ],
      [
        0.09980581740198713,
        0.09980581740198713,
        0.09980581740198713,
        0.09980581740198713,
        0.09980581740198713,
        0.09980581740198713,
        0.09980581740198713,
        0.09980581740198713,
        0.09980581740198713,
        0.10174764338211591
      ]
    ]
  ],
  "metadata": {
    "calibration_temperature": 1.2,
    "recent_metrics": [
      {
        "ts": "2026-01-08T16:28:12.826978+00:00",
        "actual": "1632",
        "top_hit": false,
        "pos_entropy": [
          0.974067008873855,
          0.9759983200238673,
          0.9760561753263929,
          0.9762188609038515
        ],
        "pair_entropy": [
          0.9999999999956568,
          0.9999999999956568,
          0.999999999995657
        ],
        "best_number": "1632"
      },
      {
        "ts": "2026-01-09T15:27:06.751664+00:00",
        "actual": "6551",
        "top_hit": false,
        "pos_entropy": [
          0.988586673888248,
          0.987885273905904,
          0.9891185463409471,
          0.9891834469521609
        ],
        "pair_entropy": [
          0.9999999999956568,
          0.9999999999956568,
          0.9999999999956568
        ],
        "best_number": "6551"
      },
      {
        "ts": "2026-01-12T15:13:03.279137+00:00",
        "actual": "2827",
        "top_hit": false,
        "pos_entropy": [
          0.9890333557433417,
          0.9914185586896114,
          0.9911226698323787,
          0.9917638357769166
        ],
        "pair_entropy": [
          0.9999999999956568,
          0.9999999999956568,
          0.9999999999956568
        ],
        "best_number": "2827"
      },
      {
        "ts": "2026-01-12T15:23:00.834197+00:00",
        "actual": "2827",
        "top_hit": false,
        "pos_entropy": [
          0.9821897883482449,
          0.9831943029203012,
          0.9830370520856159,
          0.9832950204091401
        ],
        "pair_entropy": [
          0.9999999999956568,
          0.9999999999956568,
          0.9999999999956568
        ],
        "best_number": "2827"
      },
      {
        "ts": "2026-01-15T00:00:02.016219+00:00",
        "actual": "2404",
        "top_hit": false,
        "pos_entropy": [
          0.9797156634323234,
          0.9861555053096265,
          0.9853699923816581,
          0.9861982350423645
        ],
        "pair_entropy": [
          0.9999999999956568,
          0.9999999999956568,
          0.999999999995657
        ],
        "best_number": "2404"
      },
      {
        "ts": "2026-02-12T14:49:03.771245+00:00",
        "actual": "5004",
        "top_hit": false,
        "pos_entropy": [
          0.9853342452669769,
          0.9867103364094603,
          0.9809515190905501,
          0.9812345746151342
        ],
        "pair_entropy": [
          0.9999999999956568,
          0.9999999999956568,
          0.9999999999956568
        ],
        "best_number": "5004"
      },
      {
        "ts": "2026-02-13T14:48:09.483801+00:00",
        "actual": "6376",
        "top_hit": false,
        "pos_entropy": [
          0.9860854477136348,
          0.9866767283325354,
          0.9856177919829928,
          0.9856405587657519
        ],
        "pair_entropy": [
          0.9999999999956568,
          0.9999999999956568,
          0.999999999995657
        ],
        "best_number": "6376"
      },
      {
        "ts": "2026-02-16T14:48:09.805458+00:00",
        "actual": "6978",
        "top_hit": false,
        "pos_entropy": [
          0.9811545397673137,
          0.9868772763000901,
          0.9810733599427496,
          0.9865521399996379
        ],
        "pair_entropy": [
          0.9999999999956568,
          0.999999999995657,
          0.9999999999956568
        ],
        "best_number": "6978"
      },
      {
        "ts": "2026-02-17T14:48:39.682062+00:00",
        "actual": "0505",
        "top_hit": false,
        "pos_entropy": [
          0.9856630221817618,
          0.986842601733223,
          0.9838351608504776,
          0.9868056943294131
        ],
        "pair_entropy": [
          0.9999999999956568,
          0.9999999999956568,
          0.9999999999956568
        ],
        "best_number": "0505"
      },
      {
        "ts": "2026-02-18T14:48:40.698034+00:00",
        "actual": "8440",
        "top_hit": false,
        "pos_entropy": [
          0.9865483362728528,
          0.9865367511348959,
          0.9861107305805973,
          0.9868731450389407
        ],
        "pair_entropy": [
          0.9999999999956568,
          0.999999999995657,
          0.9999999999956568
        ],
        "best_number": "8440"
      },
      {
        "ts": "2026-02-19T14:48:46.699390+00:00",
        "actual": "9166",
        "top_hit": false,
        "pos_entropy": [
          0.986800609323371,
          0.98686134448653,
          0.9866484895433995,
          0.9861492041913885
        ],
        "pair_entropy": [
          0.9999999999956568,
          0.9999999999956568,
          0.999999999995657
        ],
        "best_number": "9166"
      },
      {
        "ts": "2026-02-20T14:47:45.486757+00:00",
        "actual": "3115",
        "top_hit": false,
        "pos_entropy": [
          0.9868940505294236,
          0.9814041161436883,
          0.986836970652086,
          0.9852240338964626
        ],
        "pair_entropy": [
          0.9999999999956568,
          0.9999999999956568,
          0.9999999999956568
        ],
        "best_number": "3115"
      },
      {
        "ts": "2026-02-23T14:48:50.971808+00:00",
        "actual": "2476",
        "top_hit": false,
        "pos_entropy": [
          0.9868733415179247,
          0.9842149258829745,
          0.9864453111975308,
          0.9835099644954374
        ],
        "pair_entropy": [
          0.9999999999956568,
          0.999999999995657,
          0.999999999995657
        ],
        "best_number": "2476"
      },
      {
        "ts": "2026-02-24T14:49:16.268091+00:00",
        "actual": "9508",
        "top_hit": false,
        "pos_entropy": [
          0.9854005912668967,
          0.9858325844440918,
          0.9864159833847039,
          0.9859338109077286
        ],
        "pair_entropy": [
          0.9999999999956568,
          0.9999999999956568,
          0.999999999995657
        ],
        "best_number": "9508"
      },
      {
        "ts": "2026-02-25T14:49:01.665952+00:00",
        "actual": "1918",
        "top_hit": false,
        "pos_entropy": [
          0.9865900102238058,
          0.9865138489651416,
          0.9852815026926505,
          0.9811342962198916
        ],
        "pair_entropy": [
          0.9999999999956568,
          0.9999999999956568,
          0.999999999995657
        ],
        "best_number": "1918"
      },
      {
        "ts": "2026-02-26T14:48:48.862491+00:00",
        "actual": "3099",
        "top_hit": false,
        "pos_entropy": [
          0.9860655657033265,
          0.9867964459546907,
          0.9865524314212643,
          0.9856701568363376
        ],
        "pair_entropy": [
          0.999999999995657,
          0.9999999999956568,
          0.9999999999956568
        ],
        "best_number": "3099"
      },
      {
        "ts": "2026-02-27T14:47:26.842260+00:00",
        "actual": "2586",
        "top_hit": false,
        "pos_entropy": [
          0.9859474642622159,
          0.9853546426898115,
          0.9868377469789965,
          0.9857107057525215
        ],
        "pair_entropy": [
          0.9999999999956568,
          0.9999999999956568,
          0.9999999999956568
        ],
        "best_number": "2586"
      },
      {
        "ts": "2026-03-02T14:47:58.081369+00:00",
        "actual": "7626",
        "top_hit": false,
        "pos_entropy": [
          0.9867022655915806,
          0.9865702470632144,
          0.98692061978212,
          0.9810184878048818
        ],
        "pair_entropy": [
          0.999999999995657,
          0.9999999999956568,
          0.9999999999956568
        ],
        "best_number": "7626"
      },
      {
        "ts": "2026-03-03T14:48:31.321868+00:00",
        "actual": "9087",
        "top_hit": false,
        "pos_entropy": [
          0.9864686334368186,
          0.9853020181560318,
          0.9839756014642168,
          0.9856408793947323
        ],
        "pair_entropy": [
          0.9999999999956568,
          0.999999999995657,
          0.9999999999956568
        ],
        "best_number": "9087"
      },
      {
        "ts": "2026-03-04T14:47:23.642387+00:00",
        "actual": "8404",
        "top_hit": false,
        "pos_entropy": [
          0.9868233512696482,
          0.9864488451597521,
          0.9860713210530402,
          0.9865445223712617
        ],
        "pair_entropy": [
          0.9999999999956568,
          0.9999999999956568,
          0.999999999995657
        ],
        "best_number": "8404"
      }
    ],
    "pos_entropy": [
      0.9868233512696482,
      0.9864488451597521,
      0.9860713210530402,
      0.9865445223712617
    ],
    "pair_entropy": [
      0.9999999999956568,
      0.9999999999956568,
      0.999999999995657
    ],
    "top_boxes": [
      [
        "0448",
        0.0009342761707835281
      ],
      [
        "0478",
        0.0006564154164182855
      ],
      [
        "4788",
        0.0005666294301319961
      ],
      [
        "0488",
        0.00040361014123065564
      ],
      [
        "0458",
        0.0004019372075872178
      ],
      [
        "0048",
        0.00040190770785765385
      ],
      [
        "0148",
        0.00040190770785765385
      ],
      [
        "0248",
        0.00040190770785765385
      ],
      [
        "0348",
        0.00040190770785765385
      ],
      [
        "0468",
        0.00040190770785765385
      ],
      [
        "0489",
        0.00040190770785765385
      ],
      [
        "0449",
        0.00029623054758365965
      ],
      [
        "2468",
        0.00027848028505316006
      ],
      [
        "4688",
        0.00025910495159409906
      ],
      [
        "4899",
        0.0002585222805342241
      ]
    ],
    "top_numbers": [
      [
        "8404",
        0.0006801229873659645
      ],
      [
        "8408",
        0.00040361014123065564
      ],
      [
        "8405",
        0.0004019372075872178
      ],
      [
        "8400",
        0.00040190770785765385
      ],
      [
        "8401",
        0.00040190770785765385
      ],
      [
        "8402",
        0.00040190770785765385
      ],
      [
        "8403",
        0.00040190770785765385
      ],
      [
        "8406",
        0.00040190770785765385
      ],
      [
        "8407",
        0.00040190770785765385
      ],
      [
        "8409",
        0.00040190770785765385
      ]
    ]
  }
}