{
  "version": 1,
  "updated_at": "2026-02-23T14:48:50.971836+00:00",
  "events": 60,
  "pos_probs": [
    [
      0.08839470990156018,
      0.08441833422948337,
      0.17181827583692308,
      0.12106701650570433,
      0.08440233097315929,
      0.08490223347975298,
      0.08675430677112353,
      0.08441980092537109,
      0.09252869167392579,
      0.10129429970299639
    ],
    [
      0.08602693134655315,
      0.1304595256179903,
      0.08553238349781132,
      0.0865395499460413,
      0.17756717209436132,
      0.08961245038289094,
      0.08553152919342161,
      0.08551526678578453,
      0.08566298778055109,
      0.08755220335459445
    ],
    [
      0.08871598333342728,
      0.1212150380577224,
      0.08468600793628378,
      0.08455521568982424,
      0.09265613933464367,
      0.0845676108556832,
      0.10142979466093588,
      0.17309599494990974,
      0.08453910759078488,
      0.08453910759078488
    ],
    [
      0.09352194428091289,
      0.08529214150049232,
      0.08528001367825618,
      0.08528007313658424,
      0.08586154950387671,
      0.12392549549330802,
      0.1828808011651495,
      0.08541101650208378,
      0.08728360547282575,
      0.08526335926651063
    ]
  ],
  "pair_probs": [
    [
      [
        0.09980581740198713,
        0.09980581740198713,
        0.09980581740198713,
        0.09980581740198713,
        0.09980581740198713,
        0.10174764338211588,
        0.09980581740198713,
        0.09980581740198713,
        0.09980581740198713,
        0.09980581740198713
      ],
      [
        0.09999979190378513,
        0.09999979190378513,
        0.09999979190378513,
        0.09999979190378513,
        0.09999979190378513,
        0.09999979190378513,
        0.10000187286593379,
        0.09999979190378513,
        0.09999979190378513,
        0.09999979190378513
      ],
      [
        0.09352018497877172,
        0.09352018497877172,
        0.09352018497877172,
        0.09352018497877172,
        0.15827476115805755,
        0.09352018497877172,
        0.09352018497877172,
        0.09352018497877172,
        0.09356375901176874,
        0.09352018497877172
      ],
      [
        0.09743364677793669,
        0.12309717899856983,
        0.09743364677793669,
        0.09743364677793669,
        0.09743364677793669,
        0.09743364677793669,
        0.09743364677793669,
        0.09743364677793669,
        0.09743364677793669,
        0.09743364677793669
      ],
      [
        0.10000000000000002,
        0.10000000000000002,
        0.10000000000000002,
        0.10000000000000002,
        0.10000000000000002,
        0.10000000000000002,
        0.10000000000000002,
        0.10000000000000002,
        0.10000000000000002,
        0.10000000000000002
      ],
      [
        0.10013985114680399,
        0.09998446098368845,
        0.09998446098368845,
        0.09998446098368845,
        0.09998446098368845,
        0.09998446098368845,
        0.09998446098368845,
        0.09998446098368845,
        0.09998446098368845,
        0.09998446098368845
      ],
      [
        0.09987218186480637,
        0.09987218186480637,
        0.09987218186480637,
        0.1002785762123558,
        0.09987218186480637,
        0.09987840685127325,
        0.09987218186480637,
        0.09987218186480637,
        0.09987218186480637,
        0.10073774388272626
      ],
      [
        0.10000000000000002,
        0.10000000000000002,
        0.10000000000000002,
        0.10000000000000002,
        0.10000000000000002,
        0.10000000000000002,
        0.10000000000000002,
        0.10000000000000002,
        0.10000000000000002,
        0.10000000000000002
      ],
      [
        0.09954692934765828,
        0.09954692934765828,
        0.09954692934765828,
        0.09954692934765828,
        0.10407763587107532,
        0.09954692934765828,
        0.09954692934765828,
        0.09954692934765828,
        0.09954692934765828,
        0.09954692934765828
      ],
      [
        0.09893304438681713,
        0.10960260051864575,
        0.09893304438681713,
        0.09893304438681713,
        0.09893304438681713,
        0.09893304438681713,
        0.09893304438681713,
        0.09893304438681713,
        0.09893304438681713,
        0.09893304438681713
      ]
    ],
    [
      [
        0.10013985114680399,
        0.09998446098368845,
        0.09998446098368845,
        0.09998446098368845,
        0.09998446098368845,
        0.09998446098368845,
        0.09998446098368845,
        0.09998446098368845,
        0.09998446098368845,
        0.09998446098368845
      ],
      [
        0.0961727643782302,
        0.12259277413306509,
        0.0961727643782302,
        0.0961727643782302,
        0.0961727643782302,
        0.0961727643782302,
        0.10802511084109326,
        0.0961727643782302,
        0.0961727643782302,
        0.0961727643782302
      ],
      [
        0.10000000000000002,
        0.10000000000000002,
        0.10000000000000002,
        0.10000000000000002,
        0.10000000000000002,
        0.10000000000000002,
        0.10000000000000002,
        0.10000000000000002,
        0.10000000000000002,
        0.10000000000000002
      ],
      [
        0.09996397952867049,
        0.09996397952867049,
        0.09996397952867049,
        0.09996397952867049,
        0.09996397952867049,
        0.09996397952867049,
        0.09996397952867049,
        0.10032418424196578,
        0.09996397952867049,
        0.09996397952867049
      ],
      [
        0.09309005248966343,
        0.09300551766221953,
        0.09300551766221953,
        0.09300551766221953,
        0.09797235075532841,
        0.09300551766221953,
        0.09300551766221953,
        0.15789897311947135,
        0.09300551766221953,
        0.09300551766221953
      ],
      [
        0.10174738044887059,
        0.09980525044871738,
        0.09980525044871738,
        0.09980525044871738,
        0.09980525044871738,
        0.09981061596139038,
        0.09980525044871738,
        0.09980525044871738,
        0.09980525044871738,
        0.09980525044871738
      ],
      [
        0.09999979190378513,
        0.09999979190378513,
        0.09999979190378513,
        0.1000018728659338,
        0.09999979190378513,
        0.09999979190378513,
        0.09999979190378513,
        0.09999979190378513,
        0.09999979190378513,
        0.09999979190378513
      ],
      [
        0.10000000000000002,
        0.10000000000000002,
        0.10000000000000002,
        0.10000000000000002,
        0.10000000000000002,
        0.10000000000000002,
        0.10000000000000002,
        0.10000000000000002,
        0.10000000000000002,
        0.10000000000000002
      ],
      [
        0.0999964702592567,
        0.0999964702592567,
        0.10003176766668981,
        0.0999964702592567,
        0.0999964702592567,
        0.0999964702592567,
        0.0999964702592567,
        0.0999964702592567,
        0.0999964702592567,
        0.0999964702592567
      ],
      [
        0.09991643933652247,
        0.09991643933652247,
        0.09991643933652247,
        0.09991643933652247,
        0.09991643933652247,
        0.09991643933652247,
        0.09991643933652247,
        0.10075204597129765,
        0.09991643933652247,
        0.09991643933652247
      ]
    ],
    [
      [
        0.09978197499896374,
        0.09978197499896374,
        0.09978197499896374,
        0.09978197499896374,
        0.10000689142544583,
        0.10173730858284405,
        0.09978197499896374,
        0.09978197499896374,
        0.09978197499896374,
        0.09978197499896374
      ],
      [
        0.09743364677793669,
        0.09743364677793669,
        0.09743364677793669,
        0.09743364677793669,
        0.09743364677793669,
        0.12309717899856983,
        0.09743364677793669,
        0.09743364677793669,
        0.09743364677793669,
        0.09743364677793669
      ],
      [
        0.09999647025925669,
        0.09999647025925669,
        0.09999647025925669,
        0.09999647025925669,
        0.09999647025925669,
        0.09999647025925669,
        0.09999647025925669,
        0.10003176766668982,
        0.09999647025925669,
        0.09999647025925669
      ],
      [
        0.09999979190378513,
        0.09999979190378513,
        0.10000187286593379,
        0.09999979190378513,
        0.09999979190378513,
        0.09999979190378513,
        0.09999979190378513,
        0.09999979190378513,
        0.09999979190378513,
        0.09999979190378513
      ],
      [
        0.10407763587107534,
        0.09954692934765828,
        0.09954692934765828,
        0.09954692934765828,
        0.09954692934765828,
        0.09954692934765828,
        0.09954692934765828,
        0.09954692934765828,
        0.09954692934765828,
        0.09954692934765828
      ],
      [
        0.09999953344310718,
        0.10000419901203536,
        0.09999953344310718,
        0.09999953344310718,
        0.09999953344310718,
        0.09999953344310718,
        0.09999953344310718,
        0.09999953344310718,
        0.09999953344310718,
        0.09999953344310718
      ],
      [
        0.09893304438681713,
        0.09893304438681713,
        0.09893304438681713,
        0.09893304438681713,
        0.09893304438681713,
        0.09893304438681713,
        0.10960260051864576,
        0.09893304438681713,
        0.09893304438681713,
        0.09893304438681713
      ],
      [
        0.09340124445519128,
        0.09340124445519128,
        0.09340124445519128,
        0.09340124445519128,
        0.09340124445519128,
        0.09340124445519128,
        0.15843880025040116,
        0.09340124445519128,
        0.09435124410806854,
        0.09340124445519128
      ],
      [
        0.10000000000000002,
        0.10000000000000002,
        0.10000000000000002,
        0.10000000000000002,
        0.10000000000000002,
        0.10000000000000002,
        0.10000000000000002,
        0.10000000000000002,
        0.10000000000000002,
        0.10000000000000002
      ],
      [
        0.10000000000000002,
        0.10000000000000002,
        0.10000000000000002,
        0.10000000000000002,
        0.10000000000000002,
        0.10000000000000002,
        0.10000000000000002,
        0.10000000000000002,
        0.10000000000000002,
        0.10000000000000002
      ]
    ]
  ],
  "metadata": {
    "calibration_temperature": 1.2,
    "recent_metrics": [
      {
        "ts": "2026-01-08T16:28:12.826978+00:00",
        "actual": "1632",
        "top_hit": false,
        "pos_entropy": [
          0.974067008873855,
          0.9759983200238673,
          0.9760561753263929,
          0.9762188609038515
        ],
        "pair_entropy": [
          0.9999999999956568,
          0.9999999999956568,
          0.999999999995657
        ],
        "best_number": "1632"
      },
      {
        "ts": "2026-01-09T15:27:06.751664+00:00",
        "actual": "6551",
        "top_hit": false,
        "pos_entropy": [
          0.988586673888248,
          0.987885273905904,
          0.9891185463409471,
          0.9891834469521609
        ],
        "pair_entropy": [
          0.9999999999956568,
          0.9999999999956568,
          0.9999999999956568
        ],
        "best_number": "6551"
      },
      {
        "ts": "2026-01-12T15:13:03.279137+00:00",
        "actual": "2827",
        "top_hit": false,
        "pos_entropy": [
          0.9890333557433417,
          0.9914185586896114,
          0.9911226698323787,
          0.9917638357769166
        ],
        "pair_entropy": [
          0.9999999999956568,
          0.9999999999956568,
          0.9999999999956568
        ],
        "best_number": "2827"
      },
      {
        "ts": "2026-01-12T15:23:00.834197+00:00",
        "actual": "2827",
        "top_hit": false,
        "pos_entropy": [
          0.9821897883482449,
          0.9831943029203012,
          0.9830370520856159,
          0.9832950204091401
        ],
        "pair_entropy": [
          0.9999999999956568,
          0.9999999999956568,
          0.9999999999956568
        ],
        "best_number": "2827"
      },
      {
        "ts": "2026-01-15T00:00:02.016219+00:00",
        "actual": "2404",
        "top_hit": false,
        "pos_entropy": [
          0.9797156634323234,
          0.9861555053096265,
          0.9853699923816581,
          0.9861982350423645
        ],
        "pair_entropy": [
          0.9999999999956568,
          0.9999999999956568,
          0.999999999995657
        ],
        "best_number": "2404"
      },
      {
        "ts": "2026-02-12T14:49:03.771245+00:00",
        "actual": "5004",
        "top_hit": false,
        "pos_entropy": [
          0.9853342452669769,
          0.9867103364094603,
          0.9809515190905501,
          0.9812345746151342
        ],
        "pair_entropy": [
          0.9999999999956568,
          0.9999999999956568,
          0.9999999999956568
        ],
        "best_number": "5004"
      },
      {
        "ts": "2026-02-13T14:48:09.483801+00:00",
        "actual": "6376",
        "top_hit": false,
        "pos_entropy": [
          0.9860854477136348,
          0.9866767283325354,
          0.9856177919829928,
          0.9856405587657519
        ],
        "pair_entropy": [
          0.9999999999956568,
          0.9999999999956568,
          0.999999999995657
        ],
        "best_number": "6376"
      },
      {
        "ts": "2026-02-16T14:48:09.805458+00:00",
        "actual": "6978",
        "top_hit": false,
        "pos_entropy": [
          0.9811545397673137,
          0.9868772763000901,
          0.9810733599427496,
          0.9865521399996379
        ],
        "pair_entropy": [
          0.9999999999956568,
          0.999999999995657,
          0.9999999999956568
        ],
        "best_number": "6978"
      },
      {
        "ts": "2026-02-17T14:48:39.682062+00:00",
        "actual": "0505",
        "top_hit": false,
        "pos_entropy": [
          0.9856630221817618,
          0.986842601733223,
          0.9838351608504776,
          0.9868056943294131
        ],
        "pair_entropy": [
          0.9999999999956568,
          0.9999999999956568,
          0.9999999999956568
        ],
        "best_number": "0505"
      },
      {
        "ts": "2026-02-18T14:48:40.698034+00:00",
        "actual": "8440",
        "top_hit": false,
        "pos_entropy": [
          0.9865483362728528,
          0.9865367511348959,
          0.9861107305805973,
          0.9868731450389407
        ],
        "pair_entropy": [
          0.9999999999956568,
          0.999999999995657,
          0.9999999999956568
        ],
        "best_number": "8440"
      },
      {
        "ts": "2026-02-19T14:48:46.699390+00:00",
        "actual": "9166",
        "top_hit": false,
        "pos_entropy": [
          0.986800609323371,
          0.98686134448653,
          0.9866484895433995,
          0.9861492041913885
        ],
        "pair_entropy": [
          0.9999999999956568,
          0.9999999999956568,
          0.999999999995657
        ],
        "best_number": "9166"
      },
      {
        "ts": "2026-02-20T14:47:45.486757+00:00",
        "actual": "3115",
        "top_hit": false,
        "pos_entropy": [
          0.9868940505294236,
          0.9814041161436883,
          0.986836970652086,
          0.9852240338964626
        ],
        "pair_entropy": [
          0.9999999999956568,
          0.9999999999956568,
          0.9999999999956568
        ],
        "best_number": "3115"
      },
      {
        "ts": "2026-02-23T14:48:50.971808+00:00",
        "actual": "2476",
        "top_hit": false,
        "pos_entropy": [
          0.9868733415179247,
          0.9842149258829745,
          0.9864453111975308,
          0.9835099644954374
        ],
        "pair_entropy": [
          0.9999999999956568,
          0.999999999995657,
          0.999999999995657
        ],
        "best_number": "2476"
      }
    ],
    "pos_entropy": [
      0.9868733415179247,
      0.9842149258829745,
      0.9864453111975308,
      0.9835099644954374
    ],
    "pair_entropy": [
      0.9999999999956568,
      0.999999999995657,
      0.999999999995657
    ],
    "top_boxes": [
      [
        "2467",
        0.0006803335279677945
      ],
      [
        "2447",
        0.0006662871191800711
      ],
      [
        "2478",
        0.00040514264606109524
      ],
      [
        "0247",
        0.0004010633636227739
      ],
      [
        "1247",
        0.0004010633636227739
      ],
      [
        "2247",
        0.0004010633636227739
      ],
      [
        "2347",
        0.0004010633636227739
      ],
      [
        "2457",
        0.0004010633636227739
      ],
      [
        "2477",
        0.0004010633636227739
      ],
      [
        "2479",
        0.0004010633636227739
      ],
      [
        "1245",
        0.000311342091266129
      ],
      [
        "3467",
        0.00029510437535689143
      ],
      [
        "0244",
        0.00027729495662138994
      ],
      [
        "2466",
        0.00027721108746186417
      ],
      [
        "1244",
        0.0002652237555572972
      ]
    ],
    "top_numbers": [
      [
        "2476",
        0.0006803335279677945
      ],
      [
        "2478",
        0.00040514264606109524
      ],
      [
        "2470",
        0.0004010633636227739
      ],
      [
        "2471",
        0.0004010633636227739
      ],
      [
        "2472",
        0.0004010633636227739
      ],
      [
        "2473",
        0.0004010633636227739
      ],
      [
        "2474",
        0.0004010633636227739
      ],
      [
        "2475",
        0.0004010633636227739
      ],
      [
        "2477",
        0.0004010633636227739
      ],
      [
        "2479",
        0.0004010633636227739
      ]
    ]
  }
}